{
 "cells": [
  {
   "cell_type": "markdown",
   "metadata": {},
   "source": [
    "# Nonlinear analysis - Assignment 2"
   ]
  },
  {
   "cell_type": "markdown",
   "metadata": {},
   "source": [
    "04.10.2023 - Jérémie Engler and Laure Toullier"
   ]
  },
  {
   "cell_type": "code",
   "execution_count": 1,
   "metadata": {},
   "outputs": [],
   "source": [
    "import numpy as np\n",
    "import matplotlib.pyplot as plt\n",
    "plt.style.use('bmh')\n",
    "import math\n",
    "\n",
    "np.set_printoptions(precision=5, suppress=True, linewidth=150)\n",
    "\n",
    "Params = plt.rcParams\n",
    "Params['figure.figsize'] = (14, 7) "
   ]
  },
  {
   "cell_type": "markdown",
   "metadata": {},
   "source": [
    "### Part b"
   ]
  },
  {
   "cell_type": "markdown",
   "metadata": {},
   "source": [
    "#### Geometry"
   ]
  },
  {
   "cell_type": "code",
   "execution_count": 2,
   "metadata": {},
   "outputs": [],
   "source": [
    "#Geometric data for the truss:\n",
    "n=3  #nb of nodes\n",
    "\n",
    "support=[0,2] #number of the nodes where there is a support\n",
    "act_P=[1]\n",
    "rests=[1,1,0,0,1,1] #restraints \n",
    "DOF=2*n #degree of freedom\n",
    "\n",
    "a=3000 #mm\n",
    "b=4000 #mm"
   ]
  },
  {
   "cell_type": "code",
   "execution_count": 3,
   "metadata": {},
   "outputs": [
    {
     "name": "stdout",
     "output_type": "stream",
     "text": [
      "[0.0025 0.0025]\n"
     ]
    }
   ],
   "source": [
    "#Material Stiffness\n",
    "E0 =np.array([200e3, 200e3])  # N/mm^2\n",
    "E = E0.copy()\n",
    "sigma_0=np.array([500, 500]) # N/mm^2\n",
    "eps_0=sigma_0/E\n",
    "print(eps_0)\n",
    "alpha=0.02"
   ]
  },
  {
   "cell_type": "code",
   "execution_count": 4,
   "metadata": {},
   "outputs": [
    {
     "name": "stdout",
     "output_type": "stream",
     "text": [
      "[[      0.            0.     ]\n",
      " [5000000.      8660254.03784]\n",
      " [      0.            0.     ]]\n"
     ]
    }
   ],
   "source": [
    "#Load definition\n",
    "#load=8675*10**3 #N, value of the applied load\n",
    "load=10e6\n",
    "P=np.zeros(DOF).reshape(n,2) \n",
    "theta_P=60 #°, inclination of the load regarding the x-axis\n",
    "\n",
    "    #Application of the load at the corresponding nodes:\n",
    "\n",
    "P[1]=[load*np.cos(np.radians(theta_P)),load*np.sin(np.radians(theta_P))]\n",
    "print(P)"
   ]
  },
  {
   "cell_type": "code",
   "execution_count": 5,
   "metadata": {},
   "outputs": [
    {
     "name": "stdout",
     "output_type": "stream",
     "text": [
      "[[   0.    0.]\n",
      " [3000. 4000.]\n",
      " [6000.    0.]]\n"
     ]
    }
   ],
   "source": [
    "#Generate the nodes of the truss and their location (if 1st node at (0,0))\n",
    "\n",
    "nodes=np.zeros(n*2).reshape(n,2)\n",
    "\n",
    "for i in range(n):\n",
    "    nodes[i,0]=a*i\n",
    "    if i%2==0:\n",
    "        nodes[i,1]=0\n",
    "    else:\n",
    "        nodes[i,1]=b\n",
    "\n",
    "print(nodes)"
   ]
  },
  {
   "cell_type": "code",
   "execution_count": 6,
   "metadata": {},
   "outputs": [
    {
     "name": "stdout",
     "output_type": "stream",
     "text": [
      "[[1 2]\n",
      " [2 3]]\n"
     ]
    }
   ],
   "source": [
    "#Connectivity: connect nodes with bar element\n",
    "\n",
    "connectivity=[]\n",
    "\n",
    "for i in range(n):\n",
    "    if i<(n-2):\n",
    "        connectivity.append([i+1, i+2])\n",
    "#        connectivity.append([i+1, i+3])\n",
    "    if i==n-2:\n",
    "        connectivity.append([i+1, i+2])\n",
    "        \n",
    "Connectivity=np.array(connectivity)\n",
    "\n",
    "nb_members=int(np.size(Connectivity)/2)\n",
    "    \n",
    "print(Connectivity)"
   ]
  },
  {
   "cell_type": "code",
   "execution_count": 7,
   "metadata": {},
   "outputs": [],
   "source": [
    "# Area: area of each bar of the truss\n",
    "\n",
    "#A=10*10**3 #mm²     #members area equal in the entire truss\n",
    "\n",
    "#area=np.zeros(nb_members)\n",
    "\n",
    "#for i in range(np.size(area)):\n",
    "#    area[i]=A\n",
    "    \n",
    "area=np.array([15000, 2000])"
   ]
  },
  {
   "cell_type": "markdown",
   "metadata": {},
   "source": [
    "#### Stiffness"
   ]
  },
  {
   "cell_type": "code",
   "execution_count": 8,
   "metadata": {},
   "outputs": [],
   "source": [
    "def L_T (nodes, Connectivity, nb_members):\n",
    "\n",
    "   #angles and length\n",
    "    angles=[]\n",
    "    length=[]\n",
    "    \n",
    "    for i in range(nb_members):\n",
    "        \n",
    "        x1=nodes[Connectivity[i,0]-1,0]      #For each node at the extremity of each bar, we get its location in x and y.\n",
    "        y1=nodes[Connectivity[i,0]-1,1]\n",
    "        x2=nodes[Connectivity[i,1]-1,0]\n",
    "        y2=nodes[Connectivity[i,1]-1,1]\n",
    "        dx=x2-x1\n",
    "        dy=y2-y1\n",
    "        length.append(np.sqrt(dx**2+dy**2))\n",
    "        \n",
    "        if np.isclose(y1, y2):\n",
    "            if np.isclose(x1, x2):\n",
    "                angles.append(90)\n",
    "            else:\n",
    "                angles.append(0)\n",
    "        else:\n",
    "            theta=np.arcsin((y2-y1)/np.sqrt(dx**2+dy**2)) #calculate the angle between the x-axis and the bar element\n",
    "            angles.append(math.degrees(theta))\n",
    "       \n",
    "    #Transformation matrix for each bar element of the truss\n",
    "    c=[]\n",
    "    s=[]\n",
    "    for i in range(nb_members):\n",
    "        c.append(np.cos(np.radians(angles[i])))\n",
    "        s.append(np.sin(np.radians(angles[i])))\n",
    "    \n",
    "    T=np.zeros((nb_members,4,4))\n",
    "\n",
    "    for i in range(nb_members):\n",
    "        T[i,0,0]=c[i]\n",
    "        T[i,0,1]=s[i]\n",
    "        T[i,1,0]=-s[i]\n",
    "        T[i,1,1]=c[i]\n",
    "        T[i,2,2]=c[i]\n",
    "        T[i,2,3]=s[i]\n",
    "        T[i,3,2]=-s[i]\n",
    "        T[i,3,3]=c[i]\n",
    "    \n",
    "    return length, T"
   ]
  },
  {
   "cell_type": "code",
   "execution_count": 9,
   "metadata": {},
   "outputs": [],
   "source": [
    "def stiffness (E, area, nodes, nb_members, DOF, Connectivity, T, L):\n",
    "\n",
    "\n",
    "    # Unit stiffness matrix of bar in local coordinate system\n",
    "    K_unit = np.array([[1, 0, -1, 0], \n",
    "                   [0, 0,  0, 0], \n",
    "                   [-1, 0, 1, 0], \n",
    "                   [0, 0, 0, 0]])\n",
    "    \n",
    "    #local stiffness matrix for each bar\n",
    "    k_local=[]\n",
    "    \n",
    "    for i in range(nb_members):\n",
    "        k_local.append(E[i]*area[i]/L[i])\n",
    "        \n",
    "    #Stiffness for each bar in global coordinates system\n",
    "    k_global=[]\n",
    "\n",
    "    for i in range(nb_members):\n",
    "        k=k_local[i]*T[i].T@K_unit@T[i] \n",
    "        k_global.append(k)\n",
    "\n",
    "    #Stiffness in global system\n",
    "    K_globalCS_bar=np.zeros((nb_members, DOF,DOF))\n",
    "    K_global=np.zeros((DOF,DOF))\n",
    "    k_global = np.array(k_global)\n",
    "\n",
    "    for i, ((u, v), k) in enumerate(zip(Connectivity, k_global)):       \n",
    "        #we build all the global stiffness matrix for each bar in the entire system and sum them.\n",
    "        K_global[2*u-2:2*u,2*u-2:2*u] += k[0:2, 0:2]\n",
    "        K_global[2*u-2:2*u,2*v-2:2*v] += k[0:2, 2:4]\n",
    "        K_global[2*v-2:2*v,2*u-2:2*u] += k[2:4, 0:2]\n",
    "        K_global[2*v-2:2*v,2*v-2:2*v] += k[2:4, 2:4]\n",
    "    \n",
    "        #global stiffness matrix for each bar in the entire system \n",
    "        K_globalCS_bar[i, 2*u-2:2*u,2*u-2:2*u] = k[0:2, 0:2]\n",
    "        K_globalCS_bar[i, 2*u-2:2*u,2*v-2:2*v] = k[0:2, 2:4]\n",
    "        K_globalCS_bar[i, 2*v-2:2*v,2*u-2:2*u] = k[2:4, 0:2]\n",
    "        K_globalCS_bar[i, 2*v-2:2*v,2*v-2:2*v] = k[2:4, 2:4]\n",
    "        \n",
    "    return (k_local, K_global, K_globalCS_bar)"
   ]
  },
  {
   "cell_type": "markdown",
   "metadata": {},
   "source": [
    "#### Equilibrium of the entire system : K*U=R"
   ]
  },
  {
   "cell_type": "code",
   "execution_count": 10,
   "metadata": {},
   "outputs": [],
   "source": [
    "#Calculate the displacements of the nodes with a load applied\n",
    "\n",
    "def displacement(support, act_P, P, K_global, DOF):\n",
    "    \n",
    "    F_red=np.zeros(DOF-2*len(support))\n",
    "\n",
    "    for i in range(n):\n",
    "        if i in act_P:\n",
    "            F_red[i*2-2]=P[i,0]\n",
    "            F_red[i*2-1]=P[i,1]  \n",
    "        \n",
    "    a=2*(n-len(support)) \n",
    "    K_red=np.zeros((a,a)) #reduced stiffness matrix for the nodes where there are displacements\n",
    "    K_red=K_global[2:a+2, 2:a+2]\n",
    "\n",
    "    u_red=np.linalg.inv(K_red)@F_red #reduced vector displacements for the nodes concerned by displacements\n",
    "\n",
    "    u_vec=np.zeros(n*2) #global vector for displacements\n",
    "    u_vec[2:n*2-2]=u_red[:]\n",
    "\n",
    "    return(u_vec) \n"
   ]
  },
  {
   "cell_type": "code",
   "execution_count": 11,
   "metadata": {},
   "outputs": [],
   "source": [
    "#Support reactions\n",
    "\n",
    "def support_reactions (K_global, u_vec):\n",
    "    F = K_global @ u_vec #N\n",
    "    return(F)"
   ]
  },
  {
   "cell_type": "code",
   "execution_count": 12,
   "metadata": {},
   "outputs": [
    {
     "name": "stdout",
     "output_type": "stream",
     "text": [
      "[-5747595.26419 -7663460.35226  5000000.       8660254.03784   747595.26419  -996793.68559]\n"
     ]
    }
   ],
   "source": [
    "L, T= L_T (nodes, Connectivity, nb_members )\n",
    "k_local, K_global, K_globalCS_bar=stiffness (E, area, nodes, nb_members, DOF, Connectivity, T, L)\n",
    "u_vec=displacement(support, act_P, P, K_global, DOF)\n",
    "appui=support_reactions(K_global, u_vec)\n",
    "print(appui)"
   ]
  },
  {
   "cell_type": "code",
   "execution_count": 13,
   "metadata": {},
   "outputs": [],
   "source": [
    "#Axial forces in each bar of the truss\n",
    "\n",
    "def axial_load_0(nb_members, K_globalCS_bar,u_vec):\n",
    "\n",
    "    F_bar=[]\n",
    "    F_bar_reduced=np.zeros((nb_members,4))\n",
    "    F_local_CS=[]\n",
    "    axial_load=[]\n",
    "\n",
    "    for i in range(nb_members):\n",
    "        F_bar.append(K_globalCS_bar[i,:,:]@u_vec)   #forces applied at each extermity of each bar in global coordinates in global system\n",
    "    F_bar=np.array(F_bar)\n",
    "\n",
    "    for i in range(nb_members): #forces applied at the extremity of each bar in global coordinates in local system\n",
    "        index_1=Connectivity[i,0] #value of 1st node of the bar\n",
    "        index_2=Connectivity[i,1] #value of 2nd node of the bar\n",
    "        F_bar_reduced[i,0]=F_bar[i,(index_1-1)*2] \n",
    "        F_bar_reduced[i,1]=F_bar[i,(index_1)*2-1]\n",
    "        F_bar_reduced[i,2]=F_bar[i,(index_2-1)*2]\n",
    "        F_bar_reduced[i,3]=F_bar[i,index_2*2-1]     \n",
    "\n",
    "    for i in range(nb_members): #forces applied at the extremity of each bar in local coordinates in local system\n",
    "        F_local_CS.append(T[i]@F_bar_reduced[i])   \n",
    "    F_local_CS=np.array(F_local_CS)\n",
    "\n",
    "    for i in range(nb_members): #axial load in each bar in N\n",
    "        axial_load.append(F_local_CS[i,2])\n",
    "    \n",
    "    axial_load=np.array(axial_load)\n",
    "    return axial_load\n",
    "\n",
    "def axial_load_1(K_globalCS_bar, Connectivity, u_vec, T, nb_members):\n",
    "    axialF = []\n",
    "    for i in range(nb_members):\n",
    "        F_elei = K_globalCS_bar[i,:,:] @ u_vec\n",
    "        index_red = 2*Connectivity[i]\n",
    "        F_elei_red = F_elei[[index_red[0]-2, index_red[0]-1, index_red[1]-2, index_red[1]-1]]\n",
    "        F_elei_local = T[i] @ F_elei_red\n",
    "        Fi = F_elei_local[2]\n",
    "        axialF.append(Fi)\n",
    "    return axialF\n"
   ]
  },
  {
   "cell_type": "code",
   "execution_count": 14,
   "metadata": {},
   "outputs": [
    {
     "name": "stdout",
     "output_type": "stream",
     "text": [
      "[9579325.44031941, 1245992.106986071]\n"
     ]
    }
   ],
   "source": [
    "L, T= L_T (nodes, Connectivity, nb_members )\n",
    "k_local, K_global, K_globalCS_bar=stiffness (E, area, nodes, nb_members, DOF, Connectivity, T, L)\n",
    "u_vec=displacement(support, act_P, P, K_global, DOF)\n",
    "appui=support_reactions(K_global, u_vec)\n",
    "axial=axial_load_1(K_globalCS_bar, Connectivity, u_vec, T, nb_members)\n",
    "print(axial)"
   ]
  },
  {
   "cell_type": "markdown",
   "metadata": {},
   "source": [
    "#### Newton Raphson Method"
   ]
  },
  {
   "cell_type": "code",
   "execution_count": 15,
   "metadata": {},
   "outputs": [
    {
     "name": "stdout",
     "output_type": "stream",
     "text": [
      "[0. 0. 0. 0. 0. 0.]\n"
     ]
    }
   ],
   "source": [
    "#Initialisation\n",
    "\n",
    "u=np.zeros((DOF)) #initial nodal displacement\n",
    "print(u)\n",
    "L0, T0 = L_T(nodes, Connectivity, nb_members )\n",
    "k, K_global, K_globalCS_bar = stiffness(E, area, nodes, nb_members, DOF,Connectivity,T, L) #initial stiffness matrix\n",
    "load_incr = 20 #increment for loadstep\n",
    "iter_lim = 20\n",
    "tol=np.max(area)*np.max(sigma_0)/1e5 #tolerance"
   ]
  },
  {
   "cell_type": "code",
   "execution_count": 16,
   "metadata": {},
   "outputs": [],
   "source": [
    "#strains\n",
    "\n",
    "def strain(Connectivity, u, L0, T, nb_members):\n",
    "    \n",
    "    \n",
    "    u=u.reshape((n,2))\n",
    "    #displacements in global coordinates\n",
    "    u_red=np.zeros(nb_members*4).reshape((nb_members,4))\n",
    "    for i in range(nb_members):  \n",
    "        u_red[i, 0]=u[Connectivity[i,0]-1,0]      \n",
    "        u_red[i, 1]=u[Connectivity[i,0]-1,1]\n",
    "        u_red[i, 2]=u[Connectivity[i,1]-1,0]\n",
    "        u_red[i, 3]=u[Connectivity[i,1]-1,1]\n",
    "    \n",
    "    #displacements in local coordinates\n",
    "    u_bar=[]\n",
    "    for i in range(nb_members):\n",
    "        u_bar.append(T[i]@u_red[i,:])\n",
    "    \n",
    "    u_bar=np.array(u_bar)\n",
    "    \n",
    "    #calculate the strain in each bar\n",
    "    strain=[]\n",
    "    for i in range(nb_members):  \n",
    "        strain.append((u_bar[i,2]-u_bar[i,0])/L0[i])\n",
    "        \n",
    "    strain=np.array(strain)\n",
    "    \n",
    "    return strain"
   ]
  },
  {
   "cell_type": "code",
   "execution_count": 17,
   "metadata": {},
   "outputs": [],
   "source": [
    "def strain_1(L,L0):\n",
    "    strain=[]\n",
    "    for i in range(nb_members):\n",
    "         strain.append((L[i]-L0[i])/L0[i])\n",
    "    strain=np.array(strain)\n",
    "    \n",
    "    return strain    "
   ]
  },
  {
   "cell_type": "code",
   "execution_count": 18,
   "metadata": {},
   "outputs": [],
   "source": [
    "#internal force for each displacement\n",
    "\n",
    "def internal_force(Connectivity, area, E, u, L, T, sigma_0, eps_0, nb_members, DOF, rests):\n",
    "    \n",
    "    #internal force in each bar\n",
    "    Pr=[]\n",
    "    Pr_CS=np.zeros(n*4).reshape((n,4))\n",
    "    strains=strain_1(L,L0)\n",
    "    \n",
    "    for i in range(nb_members):\n",
    "        if np.abs(strains[i])>eps_0[i]:\n",
    "            a= (sigma_0[i]*area[i]+E0[i]*alpha * area[i] * (strains[i]-eps_0[i]))*np.sign(strains[i])\n",
    "        else:\n",
    "            a=E0[i]*area[i]*strains[i]\n",
    "            \n",
    "        Pr.append(a)\n",
    "        Pr_CS[i,0] = -a\n",
    "        Pr_CS[i,2] = a\n",
    "\n",
    "    #internal force at each extremity of a bar in local coordinates\n",
    "   # Pr_CS=np.zeros((nb_members,4))\n",
    "   # for i in range(nb_members):\n",
    "   #     Pr_CS[i,0]=-Pr[i]\n",
    "   #     Pr_CS[i,1]=0\n",
    "   #     Pr_CS[i,2]=Pr[i]\n",
    "   #     Pr_CS[i,3]=0\n",
    "   #Pr_CS=np.array(Pr_CS)\n",
    "    #Pr_CS = np.array([np.array([-pr, 0, pr, 0]) for pr in Pr])\n",
    "    \n",
    "    #internal force at each extremity of a bar in global coordinates\n",
    "    Pr_glob=np.zeros((2,4))\n",
    "    for i in range(nb_members):\n",
    "        Pr_glob[i,:]=np.transpose(T[i]) @ Pr_CS[i]\n",
    "    \n",
    "    #internal force at node 2 for each bar in global coordinates\n",
    "    Pr_glob_bar1_2=np.array([Pr_glob[0,2],Pr_glob[0,3]])\n",
    "    Pr_glob_bar2_2=np.array([Pr_glob[1,0],Pr_glob[1,1]])\n",
    "    #sum of internal force at node 2 in global coordinates\n",
    "    sum_Pr_glob_2=Pr_glob_bar1_2+Pr_glob_bar2_2\n",
    "    print(\"Pr = \", Pr)\n",
    "    return Pr, Pr_glob, sum_Pr_glob_2\n"
   ]
  },
  {
   "cell_type": "code",
   "execution_count": 19,
   "metadata": {},
   "outputs": [
    {
     "name": "stdout",
     "output_type": "stream",
     "text": [
      "################# Nouvelle itération sur i=0 ######################\n",
      "delta_u=[0.      0.      0.01628 0.98564 0.      0.     ]\n",
      "quesaco 250000.00000000006\n",
      "%%%%%%%%%%%%%% Nouvelle itération sur j=0 %%%%%%%%%%%%%%%%%\n",
      "u=[0.      0.      0.01628 0.98564 0.      0.     ]\n",
      "nodes=[[   0.         0.     ]\n",
      " [3000.01628 4000.98564]\n",
      " [6000.         0.     ]]\n",
      "L=[5000.798310564942, 5000.77878159168]\n",
      "m=0  eps[m] = 0.0001596621129883715  eps_0[m] = 0.0025  np.abs(eps[m]) >= eps_0[m] = False\n",
      "m=1  eps[m] = 0.00015575631833598892  eps_0[m] = 0.0025  np.abs(eps[m]) >= eps_0[m] = False\n",
      "K_global = array([[ 215898.91471,  287934.59019, -215898.91471, -287934.59019,       0.     ,       0.     ],\n",
      "       [ 287934.59019,  384005.30331, -287934.59019, -384005.30331,       0.     ,       0.     ],\n",
      "       [-215898.91471, -287934.59019,  244685.14919,  249543.27831,  -28786.23448,   38391.31188],\n",
      "       [-287934.59019, -384005.30331,  249543.27831,  435206.61027,   38391.31188,  -51201.30696],\n",
      "       [      0.     ,       0.     ,  -28786.23448,   38391.31188,   28786.23448,  -38391.31188],\n",
      "       [      0.     ,       0.     ,   38391.31188,  -51201.30696,  -38391.31188,   51201.30696]])\n",
      "Pr =  [478986.33896511456, 62302.52733439557]\n",
      "sum_Pr_glob=[     0.           0.      249971.99202 433068.84611      0.           0.     ]\n",
      ">>>>>>>>>>>>> norm_R < tol\n",
      "################# Nouvelle itération sur i=1 ######################\n",
      "delta_u=[0.      0.      0.02342 1.36733 0.      0.     ]\n",
      "quesaco 346938.77551020414\n",
      "%%%%%%%%%%%%%% Nouvelle itération sur j=0 %%%%%%%%%%%%%%%%%\n",
      "u=[0.      0.      0.0397  2.35297 0.      0.     ]\n",
      "nodes=[[   0.         0.     ]\n",
      " [3000.0397  4002.35297]\n",
      " [6000.         0.     ]]\n",
      "L=[5001.906384063206, 5001.858764667702]\n",
      "m=0  eps[m] = 0.00038127681264122655  eps_0[m] = 0.0025  np.abs(eps[m]) >= eps_0[m] = False\n",
      "m=1  eps[m] = 0.00037175293354048335  eps_0[m] = 0.0025  np.abs(eps[m]) >= eps_0[m] = False\n",
      "K_global = array([[ 215758.83089,  287843.85687, -215758.83089, -287843.85687,       0.     ,       0.     ],\n",
      "       [ 287843.85687,  384012.49021, -287843.85687, -384012.49021,       0.     ,       0.     ],\n",
      "       [-215758.83089, -287843.85687,  244525.97396,  249464.59552,  -28767.14307,   38379.26135],\n",
      "       [-287843.85687, -384012.49021,  249464.59552,  435215.61796,   38379.26135,  -51203.12775],\n",
      "       [      0.     ,       0.     ,  -28767.14307,   38379.26135,   28767.14307,  -38379.26135],\n",
      "       [      0.     ,       0.     ,   38379.26135,  -51203.12775,  -38379.26135,   51203.12775]])\n",
      "Pr =  [1143830.4379236796, 148701.17341619334]\n",
      "sum_Pr_glob=[      0.            0.       596859.40278 1034240.34773       0.            0.     ]\n",
      "r = [-249920.62727 -433324.76143]\n",
      "delta_u=[ 0.       0.      -0.01517 -0.98696  0.       0.     ]\n",
      "%%%%%%%%%%%%%% Nouvelle itération sur j=1 %%%%%%%%%%%%%%%%%\n",
      "u=[0.      0.      0.02453 1.36601 0.      0.     ]\n",
      "nodes=[[   0.         0.     ]\n",
      " [3000.02453 4001.36601]\n",
      " [6000.         0.     ]]\n",
      "L=[5001.10758826521, 5001.078156694346]\n",
      "m=0  eps[m] = 0.0002215176530420649  eps_0[m] = 0.0025  np.abs(eps[m]) >= eps_0[m] = False\n",
      "m=1  eps[m] = 0.00021563133886920696  eps_0[m] = 0.0025  np.abs(eps[m]) >= eps_0[m] = False\n",
      "K_global = array([[ 215860.05036,  287909.33493, -215860.05036, -287909.33493,       0.     ,       0.     ],\n",
      "       [ 287909.33493,  384007.06848, -287909.33493, -384007.06848,       0.     ,       0.     ],\n",
      "       [-215860.05036, -287909.33493,  244640.95714,  249521.37368,  -28780.90678,   38387.96125],\n",
      "       [-287909.33493, -384007.06848,  249521.37368,  435208.91491,   38387.96125,  -51201.84643],\n",
      "       [      0.     ,       0.     ,  -28780.90678,   38387.96125,   28780.90678,  -38387.96125],\n",
      "       [      0.     ,       0.     ,   38387.96125,  -51201.84643,  -38387.96125,   51201.84643]])\n",
      "Pr =  [664552.9591261947, 86252.53554768278]\n",
      "sum_Pr_glob=[     0.           0.      346906.78731 600716.85362      0.           0.     ]\n",
      "r = [ 31.9882  198.73268]\n",
      "delta_u=[ 0.       0.      -0.00081  0.00092  0.       0.     ]\n",
      "%%%%%%%%%%%%%% Nouvelle itération sur j=2 %%%%%%%%%%%%%%%%%\n",
      "u=[0.      0.      0.02372 1.36693 0.      0.     ]\n",
      "nodes=[[   0.         0.     ]\n",
      " [3000.02372 4001.36693]\n",
      " [6000.         0.     ]]\n",
      "L=[5001.107839745622, 5001.079376091382]\n",
      "m=0  eps[m] = 0.0002215679491244373  eps_0[m] = 0.0025  np.abs(eps[m]) >= eps_0[m] = False\n",
      "m=1  eps[m] = 0.00021587521827641466  eps_0[m] = 0.0025  np.abs(eps[m]) >= eps_0[m] = False\n",
      "K_global = array([[ 215859.9017 ,  287909.28021, -215859.9017 , -287909.28021,       0.     ,       0.     ],\n",
      "       [ 287909.28021,  384007.18698, -287909.28021, -384007.18698,       0.     ,       0.     ],\n",
      "       [-215859.9017 , -287909.28021,  244640.80291,  249521.3279 ,  -28780.90121,   38387.95232],\n",
      "       [-287909.28021, -384007.18698,  249521.3279 ,  435209.01948,   38387.95232,  -51201.8325 ],\n",
      "       [      0.     ,       0.     ,  -28780.90121,   38387.95232,   28780.90121,  -38387.95232],\n",
      "       [      0.     ,       0.     ,   38387.95232,  -51201.8325 ,  -38387.95232,   51201.8325 ]])\n",
      "Pr =  [664703.8473733119, 86350.08731056587]\n",
      "sum_Pr_glob=[     0.           0.      346938.65441 600915.72438      0.           0.     ]\n",
      ">>>>>>>>>>>>> norm_R < tol\n",
      "################# Nouvelle itération sur i=2 ######################\n",
      "delta_u=[0.      0.      0.03038 1.74913 0.      0.     ]\n",
      "quesaco 443877.5510204082\n",
      "%%%%%%%%%%%%%% Nouvelle itération sur j=0 %%%%%%%%%%%%%%%%%\n",
      "u=[0.      0.      0.0541  3.11606 0.      0.     ]\n",
      "nodes=[[   0.         0.     ]\n",
      " [3000.0541  4003.11606]\n",
      " [6000.         0.     ]]\n",
      "L=[5002.525642027179, 5002.460752876956]\n",
      "m=0  eps[m] = 0.0005051284054357893  eps_0[m] = 0.0025  np.abs(eps[m]) >= eps_0[m] = False\n",
      "m=1  eps[m] = 0.0004921505753911333  eps_0[m] = 0.0025  np.abs(eps[m]) >= eps_0[m] = False\n",
      "K_global = array([[ 215680.78605,  287793.21616, -215680.78605, -287793.21616,       0.     ,       0.     ],\n",
      "       [ 287793.21616,  384016.28992, -287793.21616, -384016.28992,       0.     ,       0.     ],\n",
      "       [-215680.78605, -287793.21616,  244437.26886,  249420.67811,  -28756.48281,   38372.53805],\n",
      "       [-287793.21616, -384016.28992,  249420.67811,  435220.45443,   38372.53805,  -51204.16451],\n",
      "       [      0.     ,       0.     ,  -28756.48281,   38372.53805,   28756.48281,  -38372.53805],\n",
      "       [      0.     ,       0.     ,   38372.53805,  -51204.16451,  -38372.53805,   51204.16451]])\n",
      "Pr =  [1515385.216307368, 196860.23015645333]\n",
      "sum_Pr_glob=[      0.            0.       790732.56503 1370173.37998       0.            0.     ]\n",
      "r = [-346855.01401 -601354.90927]\n",
      "delta_u=[ 0.       0.      -0.02191 -1.36917  0.       0.     ]\n",
      "%%%%%%%%%%%%%% Nouvelle itération sur j=1 %%%%%%%%%%%%%%%%%\n",
      "u=[0.      0.      0.03219 1.74689 0.      0.     ]\n",
      "nodes=[[   0.         0.     ]\n",
      " [3000.03219 4001.74689]\n",
      " [6000.         0.     ]]\n",
      "L=[5001.416931733936, 5001.378318666656]\n",
      "m=0  eps[m] = 0.0002833863467871197  eps_0[m] = 0.0025  np.abs(eps[m]) >= eps_0[m] = False\n",
      "m=1  eps[m] = 0.00027566373333120283  eps_0[m] = 0.0025  np.abs(eps[m]) >= eps_0[m] = False\n",
      "K_global = array([[ 215821.10063,  287884.05104, -215821.10063, -287884.05104,       0.     ,       0.     ],\n",
      "       [ 287884.05104,  384008.91574, -287884.05104, -384008.91574,       0.     ,       0.     ],\n",
      "       [-215821.10063, -287884.05104,  244596.67894,  249499.44551,  -28775.57831,   38384.60553],\n",
      "       [-287884.05104, -384008.91574,  249499.44551,  435211.2904 ,   38384.60553,  -51202.37467],\n",
      "       [      0.     ,       0.     ,  -28775.57831,   38384.60553,   28775.57831,  -38384.60553],\n",
      "       [      0.     ,       0.     ,   38384.60553,  -51202.37467,  -38384.60553,   51202.37467]])\n",
      "Pr =  [850159.040361359, 110265.49333248113]\n",
      "sum_Pr_glob=[     0.           0.      443816.02859 768458.08976      0.           0.     ]\n",
      "r = [ 61.52243 360.38095]\n",
      "delta_u=[ 0.       0.      -0.00143  0.00165  0.       0.     ]\n",
      "%%%%%%%%%%%%%% Nouvelle itération sur j=2 %%%%%%%%%%%%%%%%%\n",
      "u=[0.      0.      0.03076 1.74854 0.      0.     ]\n",
      "nodes=[[   0.         0.     ]\n",
      " [3000.03076 4001.74854]\n",
      " [6000.         0.     ]]\n",
      "L=[5001.417392672267, 5001.380493283708]\n",
      "m=0  eps[m] = 0.00028347853445338843  eps_0[m] = 0.0025  np.abs(eps[m]) >= eps_0[m] = False\n",
      "m=1  eps[m] = 0.0002760986567416694  eps_0[m] = 0.0025  np.abs(eps[m]) >= eps_0[m] = False\n",
      "K_global = array([[ 215820.83543,  287883.95285, -215820.83543, -287883.95285,       0.     ,       0.     ],\n",
      "       [ 287883.95285,  384009.12565, -287883.95285, -384009.12565,       0.     ,       0.     ],\n",
      "       [-215820.83543, -287883.95285,  244596.40361,  249499.36332,  -28775.56818,   38384.58954],\n",
      "       [-287883.95285, -384009.12565,  249499.36332,  435211.47568,   38384.58954,  -51202.35003],\n",
      "       [      0.     ,       0.     ,  -28775.56818,   38384.58954,   28775.56818,  -38384.58954],\n",
      "       [      0.     ,       0.     ,   38384.58954,  -51202.35003,  -38384.58954,   51202.35003]])\n",
      "Pr =  [850435.6033601653, 110439.46269666776]\n",
      "sum_Pr_glob=[     0.           0.      443877.27678 768818.78726      0.           0.     ]\n",
      ">>>>>>>>>>>>> norm_R < tol\n",
      "################# Nouvelle itération sur i=3 ######################\n",
      "delta_u=[0.      0.      0.03751 2.13083 0.      0.     ]\n",
      "quesaco 540816.3265306124\n",
      "%%%%%%%%%%%%%% Nouvelle itération sur j=0 %%%%%%%%%%%%%%%%%\n",
      "u=[0.      0.      0.06827 3.87937 0.      0.     ]\n",
      "nodes=[[   0.         0.     ]\n",
      " [3000.06827 4003.87937]\n",
      " [6000.         0.     ]]\n",
      "L=[5003.1449761692475, 5003.06310252299]\n",
      "m=0  eps[m] = 0.0006289952338494913  eps_0[m] = 0.0025  np.abs(eps[m]) >= eps_0[m] = False\n",
      "m=1  eps[m] = 0.0006126205045980896  eps_0[m] = 0.0025  np.abs(eps[m]) >= eps_0[m] = False\n",
      "K_global = array([[ 215602.73582,  287742.56739, -215602.73582, -287742.56739,       0.     ,       0.     ],\n",
      "       [ 287742.56739,  384020.10428, -287742.56739, -384020.10428,       0.     ,       0.     ],\n",
      "       [-215602.73582, -287742.56739,  244348.56182,  249376.75439,  -28745.826  ,   38365.81301],\n",
      "       [-287742.56739, -384020.10428,  249376.75439,  435225.29864,   38365.81301,  -51205.19436],\n",
      "       [      0.     ,       0.     ,  -28745.826  ,   38365.81301,   28745.826  ,  -38365.81301],\n",
      "       [      0.     ,       0.     ,   38365.81301,  -51205.19436,  -38365.81301,   51205.19436]])\n",
      "Pr =  [1886985.7015484741, 245048.20183923584]\n",
      "sum_Pr_glob=[      0.            0.       984569.91497 1706211.32567       0.            0.     ]\n",
      "r = [-443753.58844 -769489.97056]\n",
      "delta_u=[ 0.       0.      -0.02808 -1.75194  0.       0.     ]\n",
      "%%%%%%%%%%%%%% Nouvelle itération sur j=1 %%%%%%%%%%%%%%%%%\n",
      "u=[0.      0.      0.04019 2.12743 0.      0.     ]\n",
      "nodes=[[   0.         0.     ]\n",
      " [3000.04019 4002.12743]\n",
      " [6000.         0.     ]]\n",
      "L=[5001.726216955316, 5001.678002789498]\n",
      "m=0  eps[m] = 0.0003452433910631953  eps_0[m] = 0.0025  np.abs(eps[m]) >= eps_0[m] = False\n",
      "m=1  eps[m] = 0.0003356005578996701  eps_0[m] = 0.0025  np.abs(eps[m]) >= eps_0[m] = False\n",
      "K_global = array([[ 215782.21839,  287858.78874, -215782.21839, -287858.78874,       0.     ,       0.     ],\n",
      "       [ 287858.78874,  384010.70707, -287858.78874, -384010.70707,       0.     ,       0.     ],\n",
      "       [-215782.21839, -287858.78874,  244552.47104,  249477.53539,  -28770.25266,   38381.25335],\n",
      "       [-287858.78874, -384010.70707,  249477.53539,  435213.61538,   38381.25335,  -51202.90831],\n",
      "       [      0.     ,       0.     ,  -28770.25266,   38381.25335,   28770.25266,  -38381.25335],\n",
      "       [      0.     ,       0.     ,   38381.25335,  -51202.90831,  -38381.25335,   51202.90831]])\n",
      "Pr =  [1035730.1731895859, 134240.22315986804]\n",
      "sum_Pr_glob=[     0.           0.      540715.91974 936151.95944      0.           0.     ]\n",
      "r = [100.40679 569.39567]\n",
      "delta_u=[ 0.       0.      -0.00223  0.00258  0.       0.     ]\n",
      "%%%%%%%%%%%%%% Nouvelle itération sur j=2 %%%%%%%%%%%%%%%%%\n",
      "u=[0.      0.      0.03797 2.13002 0.      0.     ]\n",
      "nodes=[[   0.         0.     ]\n",
      " [3000.03797 4002.13002]\n",
      " [6000.         0.     ]]\n",
      "L=[5001.726949713257, 5001.681405266662]\n",
      "m=0  eps[m] = 0.00034538994265149086  eps_0[m] = 0.0025  np.abs(eps[m]) >= eps_0[m] = False\n",
      "m=1  eps[m] = 0.0003362810533324591  eps_0[m] = 0.0025  np.abs(eps[m]) >= eps_0[m] = False\n",
      "K_global = array([[ 215781.8034 ,  287858.63455, -215781.8034 , -287858.63455,       0.     ,       0.     ],\n",
      "       [ 287858.63455,  384011.03418, -287858.63455, -384011.03418,       0.     ,       0.     ],\n",
      "       [-215781.8034 , -287858.63455,  244552.04003,  249477.40627,  -28770.23663,   38381.22828],\n",
      "       [-287858.63455, -384011.03418,  249477.40627,  435213.90412,   38381.22828,  -51202.86993],\n",
      "       [      0.     ,       0.     ,  -28770.23663,   38381.22828,   28770.23663,  -38381.22828],\n",
      "       [      0.     ,       0.     ,   38381.22828,  -51202.86993,  -38381.22828,   51202.86993]])\n",
      "Pr =  [1036169.8279544726, 134512.42133298365]\n",
      "sum_Pr_glob=[     0.           0.      540815.80611 936721.96026      0.           0.     ]\n",
      ">>>>>>>>>>>>> norm_R < tol\n",
      "################# Nouvelle itération sur i=4 ######################\n",
      "delta_u=[0.      0.      0.04483 2.51242 0.      0.     ]\n",
      "quesaco 637755.1020408164\n",
      "%%%%%%%%%%%%%% Nouvelle itération sur j=0 %%%%%%%%%%%%%%%%%\n",
      "u=[0.      0.      0.08279 4.64244 0.      0.     ]\n",
      "nodes=[[   0.         0.     ]\n",
      " [3000.08279 4004.64244]\n",
      " [6000.         0.     ]]\n",
      "L=[5003.764366757369, 5003.665087145358]\n",
      "m=0  eps[m] = 0.0007528733514738633  eps_0[m] = 0.0025  np.abs(eps[m]) >= eps_0[m] = False\n",
      "m=1  eps[m] = 0.000733017429071515  eps_0[m] = 0.0025  np.abs(eps[m]) >= eps_0[m] = False\n",
      "K_global = array([[ 215524.76743,  287691.93699, -215524.76743, -287691.93699,       0.     ,       0.     ],\n",
      "       [ 287691.93699,  384023.8484 , -287691.93699, -384023.8484 ,       0.     ,       0.     ],\n",
      "       [-215524.76743, -287691.93699,  244259.94131,  249332.84607,  -28735.17389,   38359.09092],\n",
      "       [-287691.93699, -384023.8484 ,  249332.84607,  435230.07607,   38359.09092,  -51206.22767],\n",
      "       [      0.     ,       0.     ,  -28735.17389,   38359.09092,   28735.17389,  -38359.09092],\n",
      "       [      0.     ,       0.     ,   38359.09092,  -51206.22767,  -38359.09092,   51206.22767]])\n",
      "Pr =  [2258620.0544215897, 293206.97162860597]\n",
      "sum_Pr_glob=[      0.            0.      1178399.4291  2042298.02885       0.            0.     ]\n",
      "r = [-540644.32706 -937673.78933]\n",
      "delta_u=[ 0.       0.      -0.03425 -2.13481  0.       0.     ]\n",
      "%%%%%%%%%%%%%% Nouvelle itération sur j=1 %%%%%%%%%%%%%%%%%\n",
      "u=[0.      0.      0.04855 2.50763 0.      0.     ]\n",
      "nodes=[[   0.         0.     ]\n",
      " [3000.04855 4002.50763]\n",
      " [6000.         0.     ]]\n",
      "L=[5002.035443762315, 5001.977211573267]\n",
      "m=0  eps[m] = 0.00040708875246291425  eps_0[m] = 0.0025  np.abs(eps[m]) >= eps_0[m] = False\n",
      "m=1  eps[m] = 0.0003954423146533372  eps_0[m] = 0.0025  np.abs(eps[m]) >= eps_0[m] = False\n",
      "K_global = array([[ 215743.40331,  287833.54796, -215743.40331, -287833.54796,       0.     ,       0.     ],\n",
      "       [ 287833.54796,  384012.44283, -287833.54796, -384012.44283,       0.     ,       0.     ],\n",
      "       [-215743.40331, -287833.54796,  244508.33312,  249455.64327,  -28764.92981,   38377.90468],\n",
      "       [-287833.54796, -384012.44283,  249455.64327,  435215.89014,   38377.90468,  -51203.44731],\n",
      "       [      0.     ,       0.     ,  -28764.92981,   38377.90468,   28764.92981,  -38377.90468],\n",
      "       [      0.     ,       0.     ,   38377.90468,  -51203.44731,  -38377.90468,   51203.44731]])\n",
      "Pr =  [1221266.2573887426, 158176.9258613349]\n",
      "sum_Pr_glob=[      0.            0.       637606.32506 1103798.50241       0.            0.     ]\n",
      "r = [148.77698 825.73711]\n",
      "delta_u=[ 0.       0.      -0.0032   0.00373  0.       0.     ]\n",
      "%%%%%%%%%%%%%% Nouvelle itération sur j=2 %%%%%%%%%%%%%%%%%\n",
      "u=[0.      0.      0.04535 2.51136 0.      0.     ]\n",
      "nodes=[[   0.         0.     ]\n",
      " [3000.04535 4002.51136]\n",
      " [6000.         0.     ]]\n",
      "L=[5002.036510857602, 5001.982112820899]\n",
      "m=0  eps[m] = 0.000407302171520314  eps_0[m] = 0.0025  np.abs(eps[m]) >= eps_0[m] = False\n",
      "m=1  eps[m] = 0.0003964225641797384  eps_0[m] = 0.0025  np.abs(eps[m]) >= eps_0[m] = False\n",
      "K_global = array([[ 215742.80551,  287833.32527, -215742.80551, -287833.32527,       0.     ,       0.     ],\n",
      "       [ 287833.32527,  384012.91268, -287833.32527, -384012.91268,       0.     ,       0.     ],\n",
      "       [-215742.80551, -287833.32527,  244507.71206,  249455.45675,  -28764.90655,   38377.86852],\n",
      "       [-287833.32527, -384012.91268,  249455.45675,  435216.30489,   38377.86852,  -51203.39221],\n",
      "       [      0.     ,       0.     ,  -28764.90655,   38377.86852,   28764.90655,  -38377.86852],\n",
      "       [      0.     ,       0.     ,   38377.86852,  -51203.39221,  -38377.86852,   51203.39221]])\n",
      "Pr =  [1221906.514560942, 158569.02567189536]\n",
      "sum_Pr_glob=[      0.            0.       637754.22087 1104625.26946       0.            0.     ]\n",
      ">>>>>>>>>>>>> norm_R < tol\n",
      "################# Nouvelle itération sur i=5 ######################\n",
      "delta_u=[0.      0.      0.05232 2.89391 0.      0.     ]\n",
      "quesaco 734693.8775510205\n",
      "%%%%%%%%%%%%%% Nouvelle itération sur j=0 %%%%%%%%%%%%%%%%%\n",
      "u=[0.      0.      0.09767 5.40526 0.      0.     ]\n",
      "nodes=[[   0.         0.     ]\n",
      " [3000.09767 4005.40526]\n",
      " [6000.         0.     ]]\n",
      "L=[5004.383813738907, 5004.266707806091]\n",
      "m=0  eps[m] = 0.0008767627477813221  eps_0[m] = 0.0025  np.abs(eps[m]) >= eps_0[m] = False\n",
      "m=1  eps[m] = 0.000853341561218258  eps_0[m] = 0.0025  np.abs(eps[m]) >= eps_0[m] = False\n",
      "K_global = array([[ 215446.8807 ,  287641.32495, -215446.8807 , -287641.32495,       0.     ,       0.     ],\n",
      "       [ 287641.32495,  384027.52247, -287641.32495, -384027.52247,       0.     ,       0.     ],\n",
      "       [-215446.8807 , -287641.32495,  244171.40715,  249288.95317,  -28724.52645,   38352.37179],\n",
      "       [-287641.32495, -384027.52247,  249288.95317,  435234.7869 ,   38352.37179,  -51207.26443],\n",
      "       [      0.     ,       0.     ,  -28724.52645,   38352.37179,   28724.52645,  -38352.37179],\n",
      "       [      0.     ,       0.     ,   38352.37179,  -51207.26443,  -38352.37179,   51207.26443]])\n",
      "Pr =  [2630288.2433439665, 341336.6244873032]\n",
      "sum_Pr_glob=[      0.            0.      1372221.11582 2378433.45315       0.            0.     ]\n",
      "r = [ -637527.23827 -1105906.32922]\n",
      "delta_u=[ 0.       0.      -0.04042 -2.51779  0.       0.     ]\n",
      "%%%%%%%%%%%%%% Nouvelle itération sur j=1 %%%%%%%%%%%%%%%%%\n",
      "u=[0.      0.      0.05725 2.88747 0.      0.     ]\n",
      "nodes=[[   0.         0.     ]\n",
      " [3000.05725 4002.88747]\n",
      " [6000.         0.     ]]\n",
      "L=[5002.344612119184, 5002.275945804054]\n",
      "m=0  eps[m] = 0.00046892242383673874  eps_0[m] = 0.0025  np.abs(eps[m]) >= eps_0[m] = False\n",
      "m=1  eps[m] = 0.00045518916081073256  eps_0[m] = 0.0025  np.abs(eps[m]) >= eps_0[m] = False\n",
      "K_global = array([[ 215704.65528,  287808.32867, -215704.65528, -287808.32867,       0.     ,       0.     ],\n",
      "       [ 287808.32867,  384014.12314, -287808.32867, -384014.12314,       0.     ,       0.     ],\n",
      "       [-215704.65528, -287808.32867,  244464.26505,  249433.76914,  -28759.60977,   38374.55953],\n",
      "       [-287808.32867, -384014.12314,  249433.76914,  435218.1148 ,   38374.55953,  -51203.99166],\n",
      "       [      0.     ,       0.     ,  -28759.60977,   38374.55953,   28759.60977,  -38374.55953],\n",
      "       [      0.     ,       0.     ,   38374.55953,  -51203.99166,  -38374.55953,   51203.99166]])\n",
      "Pr =  [1406767.2715102162, 182075.66432429303]\n",
      "sum_Pr_glob=[      0.            0.       734487.23892 1271397.71105       0.            0.     ]\n",
      "r = [ 206.63863 1129.41288]\n",
      "delta_u=[ 0.       0.      -0.00434  0.00508  0.       0.     ]\n",
      "%%%%%%%%%%%%%% Nouvelle itération sur j=2 %%%%%%%%%%%%%%%%%\n",
      "u=[0.      0.      0.05291 2.89256 0.      0.     ]\n",
      "nodes=[[   0.         0.     ]\n",
      " [3000.05291 4002.89256]\n",
      " [6000.         0.     ]]\n",
      "L=[5002.34607609421, 5002.282616728825]\n",
