{
 "cells": [
  {
   "cell_type": "markdown",
   "metadata": {},
   "source": [
    "# Nonlinear analysis - Assignment 2"
   ]
  },
  {
   "cell_type": "markdown",
   "metadata": {},
   "source": [
    "04.10.2023 - Jérémie Engler and Laure Toullier"
   ]
  },
  {
   "cell_type": "code",
   "execution_count": 1,
   "metadata": {},
   "outputs": [],
   "source": [
    "import numpy as np\n",
    "import matplotlib.pyplot as plt\n",
    "plt.style.use('bmh')\n",
    "import math\n",
    "\n",
    "np.set_printoptions(precision=5, suppress=True, linewidth=150)\n",
    "\n",
    "Params = plt.rcParams\n",
    "Params['figure.figsize'] = (14, 7) "
   ]
  },
  {
   "cell_type": "markdown",
   "metadata": {},
   "source": [
    "### Part b"
   ]
  },
  {
   "cell_type": "markdown",
   "metadata": {},
   "source": [
    "#### Geometry"
   ]
  },
  {
   "cell_type": "code",
   "execution_count": 2,
   "metadata": {},
   "outputs": [],
   "source": [
    "#Geometric data for the truss:\n",
    "n=3  #nb of nodes\n",
    "\n",
    "support=[0,2] #number of the nodes where there is a support\n",
    "act_P=[1]\n",
    "rests=[1,1,0,0,1,1] #restraints \n",
    "DOF=2*n #degree of freedom\n",
    "\n",
    "a=3000 #mm\n",
    "b=4000 #mm"
   ]
  },
  {
   "cell_type": "code",
   "execution_count": 3,
   "metadata": {},
   "outputs": [],
   "source": [
    "#Material Stiffness\n",
    "E0 =np.array([200e3, 200e3])  # N/mm^2\n",
    "E = E0.copy()\n",
    "sigma_0=np.array([500, 500]) # N/mm^2\n",
    "eps_0=sigma_0/E\n",
    "alpha=0.02"
   ]
  },
  {
   "cell_type": "code",
   "execution_count": 4,
   "metadata": {},
   "outputs": [
    {
     "name": "stdout",
     "output_type": "stream",
     "text": [
      "[[      0.            0.     ]\n",
      " [4700000.      8140638.79557]\n",
      " [      0.            0.     ]]\n"
     ]
    }
   ],
   "source": [
    "#Load definition\n",
    "#load=8675*10**3 #N, value of the applied load\n",
    "load=9.4e6\n",
    "P=np.zeros(DOF).reshape(n,2) \n",
    "theta_P=60 #°, inclination of the load regarding the x-axis\n",
    "\n",
    "    #Application of the load at the corresponding nodes:\n",
    "\n",
    "P[1]=[load*np.cos(np.radians(theta_P)),load*np.sin(np.radians(theta_P))]\n",
    "print(P)"
   ]
  },
  {
   "cell_type": "code",
   "execution_count": 5,
   "metadata": {},
   "outputs": [
    {
     "name": "stdout",
     "output_type": "stream",
     "text": [
      "[[   0.    0.]\n",
      " [3000. 4000.]\n",
      " [6000.    0.]]\n"
     ]
    }
   ],
   "source": [
    "#Generate the nodes of the truss and their location (if 1st node at (0,0))\n",
    "\n",
    "nodes=np.zeros(n*2).reshape(n,2)\n",
    "\n",
    "for i in range(n):\n",
    "    nodes[i,0]=a*i\n",
    "    if i%2==0:\n",
    "        nodes[i,1]=0\n",
    "    else:\n",
    "        nodes[i,1]=b\n",
    "\n",
    "print(nodes)"
   ]
  },
  {
   "cell_type": "code",
   "execution_count": 6,
   "metadata": {},
   "outputs": [
    {
     "name": "stdout",
     "output_type": "stream",
     "text": [
      "[[1 2]\n",
      " [2 3]]\n"
     ]
    }
   ],
   "source": [
    "#Connectivity: connect nodes with bar element\n",
    "\n",
    "connectivity=[]\n",
    "\n",
    "for i in range(n):\n",
    "    if i<(n-2):\n",
    "        connectivity.append([i+1, i+2])\n",
    "#        connectivity.append([i+1, i+3])\n",
    "    if i==n-2:\n",
    "        connectivity.append([i+1, i+2])\n",
    "        \n",
    "Connectivity=np.array(connectivity)\n",
    "\n",
    "nb_members=int(np.size(Connectivity)/2)\n",
    "    \n",
    "print(Connectivity)"
   ]
  },
  {
   "cell_type": "code",
   "execution_count": 7,
   "metadata": {},
   "outputs": [],
   "source": [
    "# Area: area of each bar of the truss\n",
    "\n",
    "#A=10*10**3 #mm²     #members area equal in the entire truss\n",
    "\n",
    "#area=np.zeros(nb_members)\n",
    "\n",
    "#for i in range(np.size(area)):\n",
    "#    area[i]=A\n",
    "    \n",
    "area=np.array([15000, 2000])"
   ]
  },
  {
   "cell_type": "markdown",
   "metadata": {},
   "source": [
    "#### Stiffness"
   ]
  },
  {
   "cell_type": "code",
   "execution_count": 8,
   "metadata": {},
   "outputs": [],
   "source": [
    "def L_T (nodes, Connectivity, nb_members ):\n",
    "\n",
    "   #angles and length\n",
    "    angles=[]\n",
    "    length=[]\n",
    "    \n",
    "    for i in range(nb_members):\n",
    "        \n",
    "        x1=nodes[Connectivity[i,0]-1,0]      #For each node at the extremity of each bar, we get its location in x and y.\n",
    "        y1=nodes[Connectivity[i,0]-1,1]\n",
    "        x2=nodes[Connectivity[i,1]-1,0]\n",
    "        y2=nodes[Connectivity[i,1]-1,1]\n",
    "        dx=x2-x1\n",
    "        dy=y2-y1\n",
    "        length.append(np.sqrt(dx**2+dy**2))\n",
    "        \n",
    "        if np.isclose(y1, y2):\n",
    "            if np.isclose(x1, x2):\n",
    "                angles.append(90)\n",
    "            else:\n",
    "                angles.append(0)\n",
    "        else:\n",
    "            theta=np.arcsin((y2-y1)/np.sqrt(dx**2+dy**2)) #calculate the angle between the x-axis and the bar element\n",
    "            angles.append(math.degrees(theta))\n",
    "       \n",
    "\n",
    "\n",
    "    #Transformation matrix for each bar element of the truss\n",
    "    c=[]\n",
    "    s=[]\n",
    "    for i in range(nb_members):\n",
    "        c.append(np.cos(np.radians(angles[i])))\n",
    "        s.append(np.sin(np.radians(angles[i])))\n",
    "    \n",
    "    T=np.zeros((nb_members,4,4))\n",
    "\n",
    "    for i in range(nb_members):\n",
    "        T[i,0,0]=c[i]\n",
    "        T[i,0,1]=s[i]\n",
    "        T[i,1,0]=-s[i]\n",
    "        T[i,1,1]=c[i]\n",
    "        T[i,2,2]=c[i]\n",
    "        T[i,2,3]=s[i]\n",
    "        T[i,3,2]=-s[i]\n",
    "        T[i,3,3]=c[i]\n",
    "    \n",
    "    return length, T"
   ]
  },
  {
   "cell_type": "code",
   "execution_count": 9,
   "metadata": {},
   "outputs": [],
   "source": [
    "def stiffness (E, area, nodes, nb_members, DOF, Connectivity, T, L):\n",
    "\n",
    "\n",
    "    # Unit stiffness matrix of bar in local coordinate system\n",
    "    K_unit = np.array([[1, 0, -1, 0], \n",
    "                   [0, 0,  0, 0], \n",
    "                   [-1, 0, 1, 0], \n",
    "                   [0, 0, 0, 0]])\n",
    "    \n",
    "    #local stiffness matrix for each bar\n",
    "    k_local=[]\n",
    "    \n",
    "    for i in range(nb_members):\n",
    "        k_local.append(E[i]*area[i]/L[i])\n",
    "        \n",
    "    #Stiffness for each bar in global coordinates system\n",
    "    k_global=[]\n",
    "\n",
    "    for i in range(nb_members):\n",
    "        k=k_local[i]*T[i].T@K_unit@T[i] \n",
    "        k_global.append(k)\n",
    "\n",
    "    #Stiffness in global system\n",
    "    K_globalCS_bar=np.zeros((nb_members, DOF,DOF))\n",
    "    K_global=np.zeros((DOF,DOF))\n",
    "    k_global = np.array(k_global)\n",
    "\n",
    "    for i, ((u, v), k) in enumerate(zip(Connectivity, k_global)):       \n",
    "        #we build all the global stiffness matrix for each bar in the entire system and sum them.\n",
    "        K_global[2*u-2:2*u,2*u-2:2*u] += k[0:2, 0:2]\n",
    "        K_global[2*u-2:2*u,2*v-2:2*v] += k[0:2, 2:4]\n",
    "        K_global[2*v-2:2*v,2*u-2:2*u] += k[2:4, 0:2]\n",
    "        K_global[2*v-2:2*v,2*v-2:2*v] += k[2:4, 2:4]\n",
    "    \n",
    "        #global stiffness matrix for each bar in the entire system \n",
    "        K_globalCS_bar[i, 2*u-2:2*u,2*u-2:2*u] = k[0:2, 0:2]\n",
    "        K_globalCS_bar[i, 2*u-2:2*u,2*v-2:2*v] = k[0:2, 2:4]\n",
    "        K_globalCS_bar[i, 2*v-2:2*v,2*u-2:2*u] = k[2:4, 0:2]\n",
    "        K_globalCS_bar[i, 2*v-2:2*v,2*v-2:2*v] = k[2:4, 2:4]\n",
    "        \n",
    "    return (k_local, K_global, K_globalCS_bar)"
   ]
  },
  {
   "cell_type": "markdown",
   "metadata": {},
   "source": [
    "#### Equilibrium of the entire system : K*U=R"
   ]
  },
  {
   "cell_type": "code",
   "execution_count": 10,
   "metadata": {},
   "outputs": [],
   "source": [
    "#Calculate the displacements of the nodes with a load applied\n",
    "\n",
    "def displacement(support, act_P, P, K_global, DOF):\n",
    "    \n",
    "    F_red=np.zeros(DOF-2*len(support))\n",
    "\n",
    "    for i in range(n):\n",
    "        if i in act_P:\n",
    "            F_red[i*2-2]=P[i,0]\n",
    "            F_red[i*2-1]=P[i,1]  \n",
    "        \n",
    "    a=2*(n-len(support)) \n",
    "    K_red=np.zeros((a,a)) #reduced stiffness matrix for the nodes where there are displacements\n",
    "    K_red=K_global[2:a+2, 2:a+2]\n",
    "\n",
    "    u_red=np.linalg.inv(K_red)@F_red #reduced vector displacements for the nodes concerned by displacements\n",
    "\n",
    "    u_vec=np.zeros(n*2) #global vector for displacements\n",
    "    u_vec[2:n*2-2]=u_red[:]\n",
    "\n",
    "    return(u_vec) \n"
   ]
  },
  {
   "cell_type": "code",
   "execution_count": 11,
   "metadata": {},
   "outputs": [],
   "source": [
    "#Support reactions\n",
    "\n",
    "def support_reactions (K_global, u_vec):\n",
    "    F = K_global @ u_vec #N\n",
    "    return(F)"
   ]
  },
  {
   "cell_type": "code",
   "execution_count": 12,
   "metadata": {},
   "outputs": [
    {
     "name": "stdout",
     "output_type": "stream",
     "text": [
      "[-5402739.54834 -7203652.73112  4700000.       8140638.79557   702739.54834  -936986.06445]\n"
     ]
    }
   ],
   "source": [
    "L, T= L_T (nodes, Connectivity, nb_members )\n",
    "k_local, K_global, K_globalCS_bar=stiffness (E, area, nodes, nb_members, DOF, Connectivity, T, L)\n",
    "u_vec=displacement(support, act_P, P, K_global, DOF)\n",
    "appui=support_reactions(K_global, u_vec)\n",
    "print(appui)"
   ]
  },
  {
   "cell_type": "code",
   "execution_count": 13,
   "metadata": {},
   "outputs": [],
   "source": [
    "#Axial forces in each bar of the truss\n",
    "\n",
    "def axial_load_0(nb_members, K_globalCS_bar,u_vec):\n",
    "\n",
    "    F_bar=[]\n",
    "    F_bar_reduced=np.zeros((nb_members,4))\n",
    "    F_local_CS=[]\n",
    "    axial_load=[]\n",
    "\n",
    "    for i in range(nb_members):\n",
    "        F_bar.append(K_globalCS_bar[i,:,:]@u_vec)   #forces applied at each extermity of each bar in global coordinates in global system\n",
    "    F_bar=np.array(F_bar)\n",
    "\n",
    "    for i in range(nb_members): #forces applied at the extremity of each bar in global coordinates in local system\n",
    "        index_1=Connectivity[i,0] #value of 1st node of the bar\n",
    "        index_2=Connectivity[i,1] #value of 2nd node of the bar\n",
    "        F_bar_reduced[i,0]=F_bar[i,(index_1-1)*2] \n",
    "        F_bar_reduced[i,1]=F_bar[i,(index_1)*2-1]\n",
    "        F_bar_reduced[i,2]=F_bar[i,(index_2-1)*2]\n",
    "        F_bar_reduced[i,3]=F_bar[i,index_2*2-1]     \n",
    "\n",
    "    for i in range(nb_members): #forces applied at the extremity of each bar in local coordinates in local system\n",
    "        F_local_CS.append(T[i]@F_bar_reduced[i])   \n",
    "    F_local_CS=np.array(F_local_CS)\n",
    "\n",
    "    for i in range(nb_members): #axial load in each bar in N\n",
    "        axial_load.append(F_local_CS[i,2])\n",
    "    \n",
    "    axial_load=np.array(axial_load)\n",
    "    return axial_load\n",
    "\n",
    "def axial_load_1(K_globalCS_bar, Connectivity, u_vec, T, nb_members):\n",
    "    axialF = []\n",
    "    for i in range(nb_members):\n",
    "        F_elei = K_globalCS_bar[i,:,:] @ u_vec\n",
    "        index_red = 2*Connectivity[i]\n",
    "        F_elei_red = F_elei[[index_red[0]-2, index_red[0]-1, index_red[1]-2, index_red[1]-1]]\n",
    "        F_elei_local = T[i] @ F_elei_red\n",
    "        Fi = F_elei_local[2]\n",
    "        axialF.append(Fi)\n",
    "    return axialF\n"
   ]
  },
  {
   "cell_type": "code",
   "execution_count": 14,
   "metadata": {},
   "outputs": [
    {
     "name": "stdout",
     "output_type": "stream",
     "text": [
      "[9004565.913900249, 1171232.5805669066]\n"
     ]
    }
   ],
   "source": [
    "L, T= L_T (nodes, Connectivity, nb_members )\n",
    "k_local, K_global, K_globalCS_bar=stiffness (E, area, nodes, nb_members, DOF, Connectivity, T, L)\n",
    "u_vec=displacement(support, act_P, P, K_global, DOF)\n",
    "appui=support_reactions(K_global, u_vec)\n",
    "axial=axial_load_1(K_globalCS_bar, Connectivity, u_vec, T, nb_members)\n",
    "print(axial)"
   ]
  },
  {
   "cell_type": "markdown",
   "metadata": {},
   "source": [
    "#### Newton Raphson Method"
   ]
  },
  {
   "cell_type": "code",
   "execution_count": 15,
   "metadata": {},
   "outputs": [
    {
     "name": "stdout",
     "output_type": "stream",
     "text": [
      "[0. 0. 0. 0. 0. 0.]\n"
     ]
    }
   ],
   "source": [
    "#Initialisation\n",
    "\n",
    "u=np.zeros((DOF)) #initial nodal displacement\n",
    "print(u)\n",
    "L0, T0=L_T (nodes, Connectivity, nb_members )\n",
    "k, K_global, K_globalCS_bar=stiffness(E, area, nodes, nb_members, DOF,Connectivity,T, L) #initial stiffness matrix\n",
    "load_incr=10 #increment for loadstep\n",
    "iter_lim=20\n",
    "tol=np.max(area)*np.max(sigma_0)/1e5 #tolerance"
   ]
  },
  {
   "cell_type": "code",
   "execution_count": 16,
   "metadata": {},
   "outputs": [],
   "source": [
    "#strains\n",
    "\n",
    "def strain(Connectivity, u, L0, T, nb_members):\n",
    "    \n",
    "    \n",
    "    u=u.reshape((n,2))\n",
    "    #displacements in global coordinates\n",
    "    u_red=np.zeros(nb_members*4).reshape((nb_members,4))\n",
    "    for i in range(nb_members):  \n",
    "        u_red[i, 0]=u[Connectivity[i,0]-1,0]      \n",
    "        u_red[i, 1]=u[Connectivity[i,0]-1,1]\n",
    "        u_red[i, 2]=u[Connectivity[i,1]-1,0]\n",
    "        u_red[i, 3]=u[Connectivity[i,1]-1,1]\n",
    "    \n",
    "    #displacements in local coordinates\n",
    "    u_bar=[]\n",
    "    for i in range(nb_members):\n",
    "        u_bar.append(T[i]@u_red[i,:])\n",
    "    \n",
    "    u_bar=np.array(u_bar)\n",
    "    \n",
    "\n",
    "    \n",
    "    #calculate the strain in each bar\n",
    "    strain=[]\n",
    "    for i in range(nb_members):  \n",
    "        strain.append((u_bar[i,2]-u_bar[i,0])/L0[i])\n",
    "        \n",
    "    strain=np.array(strain)\n",
    "    \n",
    "    return strain"
   ]
  },
  {
   "cell_type": "code",
   "execution_count": 17,
   "metadata": {},
   "outputs": [],
   "source": [
    "def strain_1(L,L0):\n",
    "    strain=[]\n",
    "    for i in range(nb_members):\n",
    "         strain.append((L[i]-L0[i])/L0[i])\n",
    "    strain=np.array(strain)\n",
    "    \n",
    "    return strain\n",
    "    "
   ]
  },
  {
   "cell_type": "code",
   "execution_count": 18,
   "metadata": {},
   "outputs": [],
   "source": [
    "#internal force for each displacement\n",
    "\n",
    "def internal_force(Connectivity, area, E, u, L, T, sigma_0, eps_0, nb_members, DOF, rests):\n",
    "    \n",
    "    #internal force in each bar\n",
    "    Pr=[]\n",
    "    Pr_CS=np.zeros(n*4).reshape((n,4))\n",
    "    strains=strain_1(L,L0)\n",
    "    for i in range(nb_members):\n",
    "        a= area[i]*sigma_0[i]/2*((3*strains[i]/eps_0[i])-(strains[i]/eps_0[i])**3)\n",
    "        Pr.append(a)\n",
    "        Pr_CS[i,0]=-a\n",
    "        Pr_CS[i,2]=a\n",
    "\n",
    "    #internal force at each extremity of a bar in local coordinates\n",
    "   # Pr_CS=np.zeros((nb_members,4))\n",
    "   # for i in range(nb_members):\n",
    "   #     Pr_CS[i,0]=-Pr[i]\n",
    "   #     Pr_CS[i,1]=0\n",
    "   #     Pr_CS[i,2]=Pr[i]\n",
    "   #     Pr_CS[i,3]=0\n",
    "   #Pr_CS=np.array(Pr_CS)\n",
    "    #Pr_CS = np.array([np.array([-pr, 0, pr, 0]) for pr in Pr])\n",
    "    \n",
    "    #internal force at each extremity of a bar in global coordinates\n",
    "    Pr_glob=np.zeros((2,4))\n",
    "    for i in range(nb_members):\n",
    "        Pr_glob[i,:]=np.transpose(T[i])@Pr_CS[i]\n",
    "    \n",
    "    #internal force at node 2 for each bar in global coordinates\n",
    "    Pr_glob_bar1_2=np.array([Pr_glob[0,2],Pr_glob[0,3]])\n",
    "    Pr_glob_bar2_2=np.array([Pr_glob[1,0],Pr_glob[1,1]])\n",
    "    #sum of internal force at node 2 in global coordinates\n",
    "    sum_Pr_glob_2=Pr_glob_bar1_2+Pr_glob_bar2_2\n",
    "    print(\"Pr = \", Pr)\n",
    "    return Pr, Pr_glob, sum_Pr_glob_2\n"
   ]
  },
  {
   "cell_type": "code",
   "execution_count": 19,
   "metadata": {},
   "outputs": [
    {
     "name": "stdout",
     "output_type": "stream",
     "text": [
      "################# Nouvelle itération sur i=0 ######################\n",
      "delta_u=[0.     0.     0.0306 1.853  0.     0.    ]\n",
      "quesaco 470000.0000000001\n",
      "%%%%%%%%%%%%%% Nouvelle itération sur j=0 %%%%%%%%%%%%%%%%%\n",
      "u=[0.     0.     0.0306 1.853  0.     0.    ]\n",
      "nodes=[[   0.        0.    ]\n",
      " [3000.0306 4001.853 ]\n",
      " [6000.        0.    ]]\n",
      "L=[5001.500879176753, 5001.464169801321]\n",
      "m=0  eps[m] = 0.0003001758353506375  eps_0[m] = 0.0025  np.abs(eps[m]) >= eps_0[m] = False\n",
      "m=1  eps[m] = 0.0002928339602642154  eps_0[m] = 0.0025  np.abs(eps[m]) >= eps_0[m] = False\n",
      "K_global = array([[ 215810.00526,  287877.03604, -215810.00526, -287877.03604,       0.     ,       0.     ],\n",
      "       [ 287877.03604,  384009.94328, -287877.03604, -384009.94328,       0.     ,       0.     ],\n",
      "       [-215810.00526, -287877.03604,  244584.13222,  249493.3691 ,  -28774.12695,   38383.66695],\n",
      "       [-287877.03604, -384009.94328,  249493.3691 ,  435212.39647,   38383.66695,  -51202.45319],\n",
      "       [      0.     ,       0.     ,  -28774.12695,   38383.66695,   28774.12695,  -38383.66695],\n",
      "       [      0.     ,       0.     ,   38383.66695,  -51202.45319,  -38383.66695,   51202.45319]])\n",
      "Pr =  [1344299.8582675394, 174896.82357635605]\n",
      "sum_Pr_glob=[      0.            0.       701439.79288 1215556.50683       0.            0.     ]\n",
      "delta_u=[ 0.       0.      -0.01257 -0.91531  0.       0.     ]\n",
      "%%%%%%%%%%%%%% Nouvelle itération sur j=1 %%%%%%%%%%%%%%%%%\n",
      "u=[0.      0.      0.01803 0.93769 0.      0.     ]\n",
      "nodes=[[   0.         0.     ]\n",
      " [3000.01803 4000.93769]\n",
      " [6000.         0.     ]]\n",
      "L=[5000.760996485645, 5000.739367160571]\n",
      "m=0  eps[m] = 0.00015219929712893644  eps_0[m] = 0.0025  np.abs(eps[m]) >= eps_0[m] = False\n",
      "m=1  eps[m] = 0.00014787343211428378  eps_0[m] = 0.0025  np.abs(eps[m]) >= eps_0[m] = False\n",
      "K_global = array([[ 215903.9996 ,  287937.75274, -215903.9996 , -287937.75274,       0.     ,       0.     ],\n",
      "       [ 287937.75274,  384004.69472, -287937.75274, -384004.69472,       0.     ,       0.     ],\n",
      "       [-215903.9996 , -287937.75274,  244690.88115,  249546.01562,  -28786.88155,   38391.73713],\n",
      "       [-287937.75274, -384004.69472,  249546.01562,  435205.98505,   38391.73713,  -51201.29033],\n",
      "       [      0.     ,       0.     ,  -28786.88155,   38391.73713,   28786.88155,  -38391.73713],\n",
      "       [      0.     ,       0.     ,   38391.73713,  -51201.29033,  -38391.73713,   51201.29033]])\n",
      "Pr =  [684050.6835276047, 88620.58784195609]\n",
      "sum_Pr_glob=[     0.           0.      357206.2467  618188.14088      0.           0.     ]\n",
      "delta_u=[0.      0.      0.00472 0.44737 0.      0.     ]\n",
      "%%%%%%%%%%%%%% Nouvelle itération sur j=2 %%%%%%%%%%%%%%%%%\n",
      "u=[0.      0.      0.02274 1.38506 0.      0.     ]\n",
      "nodes=[[   0.         0.     ]\n",
      " [3000.02274 4001.38506]\n",
      " [6000.         0.     ]]\n",
      "L=[5001.121759447645, 5001.094474386816]\n",
      "m=0  eps[m] = 0.0002243518895289526  eps_0[m] = 0.0025  np.abs(eps[m]) >= eps_0[m] = False\n",
      "m=1  eps[m] = 0.0002188948773631637  eps_0[m] = 0.0025  np.abs(eps[m]) >= eps_0[m] = False\n",
      "K_global = array([[ 215857.95793,  287908.0867 , -215857.95793, -287908.0867 ,       0.     ,       0.     ],\n",
      "       [ 287908.0867 ,  384007.46113, -287908.0867 , -384007.46113,       0.     ,       0.     ],\n",
      "       [-215857.95793, -287908.0867 ,  244638.61732,  249520.29553,  -28780.65939,   38387.79118],\n",
      "       [-287908.0867 , -384007.46113,  249520.29553,  435209.29399,   38387.79118,  -51201.83285],\n",
      "       [      0.     ,       0.     ,  -28780.65939,   38387.79118,   28780.65939,  -38387.79118],\n",
      "       [      0.     ,       0.     ,   38387.79118,  -51201.83285,  -38387.79118,   51201.83285]])\n",
      "Pr =  [1006873.3085246497, 131001.29950913541]\n",
      "sum_Pr_glob=[     0.           0.      525410.07548 910411.2108       0.           0.     ]\n",
      "delta_u=[ 0.       0.      -0.00168 -0.22042  0.       0.     ]\n",
      "%%%%%%%%%%%%%% Nouvelle itération sur j=3 %%%%%%%%%%%%%%%%%\n",
      "u=[0.      0.      0.02106 1.16464 0.      0.     ]\n",
      "nodes=[[   0.         0.     ]\n",
      " [3000.02106 4001.16464]\n",
      " [6000.         0.     ]]\n",
      "L=[5000.944396861677, 5000.919129035279]\n",
      "m=0  eps[m] = 0.0001888793723353956  eps_0[m] = 0.0025  np.abs(eps[m]) >= eps_0[m] = False\n",
      "m=1  eps[m] = 0.00018382580705583677  eps_0[m] = 0.0025  np.abs(eps[m]) >= eps_0[m] = False\n",
      "K_global = array([[ 215880.68338,  287922.69787, -215880.68338, -287922.69787,       0.     ,       0.     ],\n",
      "       [ 287922.69787,  384006.01039, -287922.69787, -384006.01039,       0.     ,       0.     ],\n",
      "       [-215880.68338, -287922.69787,  244664.40254,  249532.96192,  -28783.71915,   38389.73595],\n",
      "       [-287922.69787, -384006.01039,  249532.96192,  435207.58788,   38389.73595,  -51201.57749],\n",
      "       [      0.     ,       0.     ,  -28783.71915,   38389.73595,   28783.71915,  -38389.73595],\n",
      "       [      0.     ,       0.     ,   38389.73595,  -51201.57749,  -38389.73595,   51201.57749]])\n",
      "Pr =  [848339.9714069781, 110096.70572741573]\n",
      "sum_Pr_glob=[     0.           0.      442866.01441 766828.19607      0.           0.     ]\n",
      "delta_u=[0.      0.      0.0005  0.10825 0.      0.     ]\n",
      "%%%%%%%%%%%%%% Nouvelle itération sur j=4 %%%%%%%%%%%%%%%%%\n",
      "u=[0.      0.      0.02156 1.27289 0.      0.     ]\n",
      "nodes=[[   0.         0.     ]\n",
      " [3000.02156 4001.27289]\n",
      " [6000.         0.     ]]\n",
      "L=[5001.031305359801, 5001.00543945382]\n",
      "m=0  eps[m] = 0.00020626107196021622  eps_0[m] = 0.0025  np.abs(eps[m]) >= eps_0[m] = False\n",
      "m=1  eps[m] = 0.000201087890764029  eps_0[m] = 0.0025  np.abs(eps[m]) >= eps_0[m] = False\n",
      "K_global = array([[ 215869.50057,  287915.52457, -215869.50057, -287915.52457,       0.     ,       0.     ],\n",
      "       [ 287915.52457,  384006.7683 , -287915.52457, -384006.7683 ,       0.     ,       0.     ],\n",
      "       [-215869.50057, -287915.52457,  244651.71988,  249526.74407,  -28782.2193 ,   38388.78051],\n",
      "       [-287915.52457, -384006.7683 ,  249526.74407,  435208.4652 ,   38388.78051,  -51201.6969 ],\n",
      "       [      0.     ,       0.     ,  -28782.2193 ,   38388.78051,   28782.2193 ,  -38388.78051],\n",
      "       [      0.     ,       0.     ,   38388.78051,  -51201.6969 ,  -38388.78051,   51201.6969 ]])\n",
      "Pr =  [926068.8010956368, 120392.53419336145]\n",
      "sum_Pr_glob=[     0.           0.      483310.21065 837263.27829      0.           0.     ]\n",
      "delta_u=[ 0.       0.      -0.00009 -0.05326  0.       0.     ]\n",
      "%%%%%%%%%%%%%% Nouvelle itération sur j=5 %%%%%%%%%%%%%%%%%\n",
      "u=[0.      0.      0.02147 1.21964 0.      0.     ]\n",
      "nodes=[[   0.         0.     ]\n",
      " [3000.02147 4001.21964]\n",
      " [6000.         0.     ]]\n",
      "L=[5000.988643285088, 5000.962881526635]\n",
      "m=0  eps[m] = 0.00019772865701761475  eps_0[m] = 0.0025  np.abs(eps[m]) >= eps_0[m] = False\n",
      "m=1  eps[m] = 0.00019257630532702023  eps_0[m] = 0.0025  np.abs(eps[m]) >= eps_0[m] = False\n",
      "K_global = array([[ 215875.01267,  287919.05245, -215875.01267, -287919.05245,       0.     ,       0.     ],\n",
      "       [ 287919.05245,  384006.37358, -287919.05245, -384006.37358,       0.     ,       0.     ],\n",
      "       [-215875.01267, -287919.05245,  244657.96846,  249529.80173,  -28782.95578,   38389.25072],\n",
      "       [-287919.05245, -384006.37358,  249529.80173,  435208.01466,   38389.25072,  -51201.64108],\n",
      "       [      0.     ,       0.     ,  -28782.95578,   38389.25072,   28782.95578,  -38389.25072],\n",
      "       [      0.     ,       0.     ,   38389.25072,  -51201.64108,  -38389.25072,   51201.64108]])\n",
      "Pr =  [887923.6311735966, 115317.2451400277]\n",
      "sum_Pr_glob=[     0.           0.      463476.14107 802679.1815       0.           0.     ]\n",
      "delta_u=[ 0.       0.      -0.00004  0.02618  0.       0.     ]\n",
      "%%%%%%%%%%%%%% Nouvelle itération sur j=6 %%%%%%%%%%%%%%%%%\n",
      "u=[0.      0.      0.02144 1.24582 0.      0.     ]\n",
      "nodes=[[   0.         0.     ]\n",
      " [3000.02144 4001.24582]\n",
      " [6000.         0.     ]]\n",
      "L=[5001.009567858127, 5000.983849239483]\n",
      "m=0  eps[m] = 0.0002019135716254823  eps_0[m] = 0.0025  np.abs(eps[m]) >= eps_0[m] = False\n",
      "m=1  eps[m] = 0.0001967698478965758  eps_0[m] = 0.0025  np.abs(eps[m]) >= eps_0[m] = False\n",
      "K_global = array([[ 215872.29782,  287917.31882, -215872.29782, -287917.31882,       0.     ,       0.     ],\n",
      "       [ 287917.31882,  384006.5785 , -287917.31882, -384006.5785 ,       0.     ,       0.     ],\n",
      "       [-215872.29782, -287917.31882,  244654.89225,  249528.29932,  -28782.59444,   38389.0195 ],\n",
      "       [-287917.31882, -384006.5785 ,  249528.29932,  435208.24557,   38389.0195 ,  -51201.66707],\n",
      "       [      0.     ,       0.     ,  -28782.59444,   38389.0195 ,   28782.59444,  -38389.0195 ],\n",
      "       [      0.     ,       0.     ,   38389.0195 ,  -51201.66707,  -38389.0195 ,   51201.66707]])\n",
      "Pr =  [906635.4324772519, 117818.11326997339]\n",
      "sum_Pr_glob=[     0.           0.      473198.87484 819653.07848      0.           0.     ]\n",
      "delta_u=[ 0.       0.       0.00006 -0.01287  0.       0.     ]\n",
      "%%%%%%%%%%%%%% Nouvelle itération sur j=7 %%%%%%%%%%%%%%%%%\n",
      "u=[0.      0.      0.02149 1.23294 0.      0.     ]\n",
      "nodes=[[   0.         0.     ]\n",
      " [3000.02149 4001.23294]\n",
      " [6000.         0.     ]]\n",
      "L=[5000.999300609624, 5000.973514459448]\n",
      "m=0  eps[m] = 0.00019986012192475756  eps_0[m] = 0.0025  np.abs(eps[m]) >= eps_0[m] = False\n",
      "m=1  eps[m] = 0.00019470289188957393  eps_0[m] = 0.0025  np.abs(eps[m]) >= eps_0[m] = False\n",
      "K_global = array([[ 215873.6355 ,  287918.1711 , -215873.6355 , -287918.1711 ,       0.     ,       0.     ],\n",
      "       [ 287918.1711 ,  384006.47239, -287918.1711 , -384006.47239,       0.     ,       0.     ],\n",
      "       [-215873.6355 , -287918.1711 ,  244656.4073 ,  249529.03785,  -28782.7718 ,   38389.13325],\n",
      "       [-287918.1711 , -384006.47239,  249529.03785,  435208.12739,   38389.13325,  -51201.655  ],\n",
      "       [      0.     ,       0.     ,  -28782.7718 ,   38389.13325,   28782.7718 ,  -38389.13325],\n",
      "       [      0.     ,       0.     ,   38389.13325,  -51201.655  ,  -38389.13325,   51201.655  ]])\n",
      "Pr =  [897454.5743331467, 116585.54204555506]\n",
      "sum_Pr_glob=[     0.           0.      468431.79675 811320.47388      0.           0.     ]\n",
      "delta_u=[ 0.       0.      -0.00005  0.00633  0.       0.     ]\n",
      "%%%%%%%%%%%%%% Nouvelle itération sur j=8 %%%%%%%%%%%%%%%%%\n",
      "u=[0.      0.      0.02145 1.23927 0.      0.     ]\n",
      "nodes=[[   0.         0.     ]\n",
      " [3000.02145 4001.23927]\n",
      " [6000.         0.     ]]\n",
      "L=[5001.004337497115, 5000.978607398968]\n",
      "m=0  eps[m] = 0.00020086749942292955  eps_0[m] = 0.0025  np.abs(eps[m]) >= eps_0[m] = False\n",
      "m=1  eps[m] = 0.00019572147979361035  eps_0[m] = 0.0025  np.abs(eps[m]) >= eps_0[m] = False\n",
      "K_global = array([[ 215872.97651,  287917.75219, -215872.97651, -287917.75219,       0.     ,       0.     ],\n",
      "       [ 287917.75219,  384006.5272 , -287917.75219, -384006.5272 ,       0.     ,       0.     ],\n",
      "       [-215872.97651, -287917.75219,  244655.66127,  249528.67489,  -28782.68476,   38389.0773 ],\n",
      "       [-287917.75219, -384006.5272 ,  249528.67489,  435208.18778,   38389.0773 ,  -51201.66058],\n",
      "       [      0.     ,       0.     ,  -28782.68476,   38389.0773 ,   28782.68476,  -38389.0773 ],\n",
      "       [      0.     ,       0.     ,   38389.0773 ,  -51201.66058,  -38389.0773 ,   51201.66058]])\n",
      "Pr =  [901958.6548951649, 117192.96842993039]\n",
      "sum_Pr_glob=[     0.           0.      470768.85929 815410.59279      0.           0.     ]\n",
      "delta_u=[ 0.       0.       0.00003 -0.00311  0.       0.     ]\n",
      "%%%%%%%%%%%%%% Nouvelle itération sur j=9 %%%%%%%%%%%%%%%%%\n",
      "u=[0.      0.      0.02148 1.23616 0.      0.     ]\n",
      "nodes=[[   0.         0.     ]\n",
      " [3000.02148 4001.23616]\n",
      " [6000.         0.     ]]\n",
      "L=[5001.001866263099, 5000.976097354317]\n",
      "m=0  eps[m] = 0.00020037325261982914  eps_0[m] = 0.0025  np.abs(eps[m]) >= eps_0[m] = False\n",
      "m=1  eps[m] = 0.00019521947086341242  eps_0[m] = 0.0025  np.abs(eps[m]) >= eps_0[m] = False\n",
      "K_global = array([[ 215873.30118,  287917.95811, -215873.30118, -287917.95811,       0.     ,       0.     ],\n",
      "       [ 287917.95811,  384006.49895, -287917.95811, -384006.49895,       0.     ,       0.     ],\n",
      "       [-215873.30118, -287917.95811,  244656.02866,  249528.85329,  -28782.72748,   38389.10482],\n",
      "       [-287917.95811, -384006.49895,  249528.85329,  435208.15696,   38389.10482,  -51201.65801],\n",
      "       [      0.     ,       0.     ,  -28782.72748,   38389.10482,   28782.72748,  -38389.10482],\n",
      "       [      0.     ,       0.     ,   38389.10482,  -51201.65801,  -38389.10482,   51201.65801]])\n",
      "Pr =  [899748.8670395772, 116893.6044595745]\n",
      "sum_Pr_glob=[     0.           0.      469623.06341 813402.82128      0.           0.     ]\n",
      "delta_u=[ 0.       0.      -0.00002  0.00153  0.       0.     ]\n",
      "%%%%%%%%%%%%%% Nouvelle itération sur j=10 %%%%%%%%%%%%%%%%%\n",
      "u=[0.      0.      0.02146 1.23769 0.      0.     ]\n",
      "nodes=[[   0.         0.     ]\n",
      " [3000.02146 4001.23769]\n",
      " [6000.         0.     ]]\n",
      "L=[5001.003078656644, 5000.9773343736415]\n",
      "m=0  eps[m] = 0.00020061573132879856  eps_0[m] = 0.0025  np.abs(eps[m]) >= eps_0[m] = False\n",
      "m=1  eps[m] = 0.00019546687472829944  eps_0[m] = 0.0025  np.abs(eps[m]) >= eps_0[m] = False\n",
      "K_global = array([[ 215873.14123,  287917.85689, -215873.14123, -287917.85689,       0.     ,       0.     ],\n",
      "       [ 287917.85689,  384006.51348, -287917.85689, -384006.51348,       0.     ,       0.     ],\n",
      "       [-215873.14123, -287917.85689,  244655.84774,  249528.76561,  -28782.70651,   38389.09128],\n",
      "       [-287917.85689, -384006.51348,  249528.76561,  435208.17267,   38389.09128,  -51201.65919],\n",
      "       [      0.     ,       0.     ,  -28782.70651,   38389.09128,   28782.70651,  -38389.09128],\n",
      "       [      0.     ,       0.     ,   38389.09128,  -51201.65919,  -38389.09128,   51201.65919]])\n",
      "Pr =  [900833.0032672888, 117041.14047377893]\n",
      "sum_Pr_glob=[     0.           0.      470184.79798 814388.38039      0.           0.     ]\n",
      "delta_u=[ 0.       0.       0.00001 -0.00075  0.       0.     ]\n",
      "%%%%%%%%%%%%%% Nouvelle itération sur j=11 %%%%%%%%%%%%%%%%%\n",
      "u=[0.      0.      0.02147 1.23694 0.      0.     ]\n",
      "nodes=[[   0.         0.     ]\n",
      " [3000.02147 4001.23694]\n",
      " [6000.         0.     ]]\n",
      "L=[5001.002483839492, 5000.976724717603]\n",
      "m=0  eps[m] = 0.00020049676789840305  eps_0[m] = 0.0025  np.abs(eps[m]) >= eps_0[m] = False\n",
      "m=1  eps[m] = 0.0001953449435206494  eps_0[m] = 0.0025  np.abs(eps[m]) >= eps_0[m] = False\n",
      "K_global = array([[ 215873.22003,  287917.90665, -215873.22003, -287917.90665,       0.     ,       0.     ],\n",
      "       [ 287917.90665,  384006.50602, -287917.90665, -384006.50602,       0.     ,       0.     ],\n",
      "       [-215873.22003, -287917.90665,  244655.93684,  249528.8087 ,  -28782.7168 ,   38389.09794],\n",
      "       [-287917.90665, -384006.50602,  249528.8087 ,  435208.16467,   38389.09794,  -51201.65865],\n",
      "       [      0.     ,       0.     ,  -28782.7168 ,   38389.09794,   28782.7168 ,  -38389.09794],\n",
      "       [      0.     ,       0.     ,   38389.09794,  -51201.65865,  -38389.09794,   51201.65865]])\n",
      "Pr =  [900301.1130618361, 116968.42870182995]\n",
      "sum_Pr_glob=[     0.           0.      469909.40201 813904.58987      0.           0.     ]\n",
      "delta_u=[ 0.       0.      -0.00001  0.00037  0.       0.     ]\n",
      "%%%%%%%%%%%%%% Nouvelle itération sur j=12 %%%%%%%%%%%%%%%%%\n",
      "u=[0.      0.      0.02146 1.23731 0.      0.     ]\n",
      "nodes=[[   0.         0.     ]\n",
      " [3000.02146 4001.23731]\n",
      " [6000.         0.     ]]\n",
      "L=[5001.002775661309, 5000.977025180751]\n",
      "m=0  eps[m] = 0.00020055513226179756  eps_0[m] = 0.0025  np.abs(eps[m]) >= eps_0[m] = False\n",
      "m=1  eps[m] = 0.00019540503615025955  eps_0[m] = 0.0025  np.abs(eps[m]) >= eps_0[m] = False\n",
      "K_global = array([[ 215873.18121,  287917.88219, -215873.18121, -287917.88219,       0.     ,       0.     ],\n",
      "       [ 287917.88219,  384006.50984, -287917.88219, -384006.50984,       0.     ,       0.     ],\n",
      "       [-215873.18121, -287917.88219,  244655.89296,  249528.78752,  -28782.71175,   38389.09467],\n",
      "       [-287917.88219, -384006.50984,  249528.78752,  435208.16874,   38389.09467,  -51201.6589 ],\n",
      "       [      0.     ,       0.     ,  -28782.71175,   38389.09467,   28782.71175,  -38389.09467],\n",
      "       [      0.     ,       0.     ,   38389.09467,  -51201.6589 ,  -38389.09467,   51201.6589 ]])\n",
      "Pr =  [900562.0629511477, 117004.26407297033]\n",
      "sum_Pr_glob=[     0.           0.      470044.41603 814142.07168      0.           0.     ]\n",
      "delta_u=[ 0.       0.       0.      -0.00018  0.       0.     ]\n",
      "%%%%%%%%%%%%%% Nouvelle itération sur j=13 %%%%%%%%%%%%%%%%%\n",
      "u=[0.      0.      0.02147 1.23712 0.      0.     ]\n",
      "nodes=[[   0.         0.     ]\n",
      " [3000.02147 4001.23712]\n",
      " [6000.         0.     ]]\n",
      "L=[5001.00263249061, 5000.976877098481]\n",
      "m=0  eps[m] = 0.00020052649812205345  eps_0[m] = 0.0025  np.abs(eps[m]) >= eps_0[m] = False\n",
      "m=1  eps[m] = 0.00019537541969621088  eps_0[m] = 0.0025  np.abs(eps[m]) >= eps_0[m] = False\n",
      "K_global = array([[ 215873.20034,  287917.89421, -215873.20034, -287917.89421,       0.     ,       0.     ],\n",
      "       [ 287917.89421,  384006.50789, -287917.89421, -384006.50789,       0.     ,       0.     ],\n",
      "       [-215873.20034, -287917.89421,  244655.91457,  249528.79793,  -28782.71423,   38389.09628],\n",
      "       [-287917.89421, -384006.50789,  249528.79793,  435208.16667,   38389.09628,  -51201.65879],\n",
      "       [      0.     ,       0.     ,  -28782.71423,   38389.09628,   28782.71423,  -38389.09628],\n",
      "       [      0.     ,       0.     ,   38389.09628,  -51201.65879,  -38389.09628,   51201.65879]])\n",
      "Pr =  [900434.0384514591, 116986.60274557846]\n",
      "sum_Pr_glob=[     0.           0.      469978.22505 814025.49664      0.           0.     ]\n",
      ">>>>>>>>>>>>> norm_R < tol\n",
      "################# Nouvelle itération sur i=1 ######################\n",
      "delta_u=[0.      0.      0.0379  2.19235 0.      0.     ]\n",
      "quesaco 556326.530612245\n",
      "%%%%%%%%%%%%%% Nouvelle itération sur j=0 %%%%%%%%%%%%%%%%%\n",
      "u=[0.      0.      0.05936 3.42948 0.      0.     ]\n",
      "nodes=[[   0.         0.     ]\n",
      " [3000.05936 4003.42948]\n",
      " [6000.         0.     ]]\n",
      "L=[5002.779603300567, 5002.708406819545]\n",
      "m=0  eps[m] = 0.0005559206601134064  eps_0[m] = 0.0025  np.abs(eps[m]) >= eps_0[m] = False\n",
      "m=1  eps[m] = 0.0005416813639090833  eps_0[m] = 0.0025  np.abs(eps[m]) >= eps_0[m] = False\n",
      "K_global = array([[ 215648.69768,  287772.42332, -215648.69768, -287772.42332,       0.     ,       0.     ],\n",
      "       [ 287772.42332,  384017.93525, -287772.42332, -384017.93525,       0.     ,       0.     ],\n",
      "       [-215648.69768, -287772.42332,  244400.80916,  249402.64719,  -28752.11148,   38369.77612],\n",
      "       [-287772.42332, -384017.93525,  249402.64719,  435222.51272,   38369.77612,  -51204.57747],\n",
      "       [      0.     ,       0.     ,  -28752.11148,   38369.77612,   28752.11148,  -38369.77612],\n",
      "       [      0.     ,       0.     ,   38369.77612,  -51204.57747,  -38369.77612,   51204.57747]])\n",
      "Pr =  [2460409.519457439, 319922.7562137412]\n",
      "sum_Pr_glob=[      0.            0.      1283608.75132 2224939.59334       0.            0.     ]\n",
      "delta_u=[ 0.       0.      -0.04403 -2.87295  0.       0.     ]\n",
      "%%%%%%%%%%%%%% Nouvelle itération sur j=1 %%%%%%%%%%%%%%%%%\n",
      "u=[0.      0.      0.01533 0.55653 0.      0.     ]\n",
      "nodes=[[   0.         0.     ]\n",
      " [3000.01533 4000.55653]\n",
      " [6000.         0.     ]]\n",
      "L=[5000.4544318332155, 5000.436032538043]\n",
      "m=0  eps[m] = 9.088636664309888e-05  eps_0[m] = 0.0025  np.abs(eps[m]) >= eps_0[m] = False\n",
      "m=1  eps[m] = 8.720650760860735e-05  eps_0[m] = 0.0025  np.abs(eps[m]) >= eps_0[m] = False\n",
      "K_global = array([[ 215943.32385,  287963.0193 , -215943.32385, -287963.0193 ,       0.     ,       0.     ],\n",
      "       [ 287963.0193 ,  384002.14928, -287963.0193 , -384002.14928,       0.     ,       0.     ],\n",
      "       [-215943.32385, -287963.0193 ,  244735.49619,  249567.91873,  -28792.17233,   38395.10056],\n",
      "       [-287963.0193 , -384002.14928,  249567.91873,  435203.00104,   38395.10056,  -51200.85175],\n",
      "       [      0.     ,       0.     ,  -28792.17233,   38395.10056,   28792.17233,  -38395.10056],\n",
      "       [      0.     ,       0.     ,   38395.10056,  -51200.85175,  -38395.10056,   51200.85175]])\n",
      "Pr =  [408808.469526704, 52302.682059323684]\n",
      "sum_Pr_glob=[     0.           0.      213885.3319  368906.87074      0.           0.     ]\n",
      "delta_u=[0.      0.      0.01399 1.35842 0.      0.     ]\n",
      "%%%%%%%%%%%%%% Nouvelle itération sur j=2 %%%%%%%%%%%%%%%%%\n",
      "u=[0.      0.      0.02932 1.91494 0.      0.     ]\n",
      "nodes=[[   0.         0.     ]\n",
      " [3000.02932 4001.91494]\n",
      " [6000.         0.     ]]\n",
