{
 "cells": [
  {
   "cell_type": "markdown",
   "metadata": {},
   "source": [
    "# Nonlinear analysis - Assignment 2"
   ]
  },
  {
   "cell_type": "markdown",
   "metadata": {},
   "source": [
    "04.10.2023 - Jérémie Engler and Laure Toullier"
   ]
  },
  {
   "cell_type": "code",
   "execution_count": 1,
   "metadata": {},
   "outputs": [],
   "source": [
    "import numpy as np\n",
    "import matplotlib.pyplot as plt\n",
    "plt.style.use('bmh')\n",
    "import math\n",
    "\n",
    "np.set_printoptions(precision=5, suppress=True, linewidth=150)\n",
    "\n",
    "Params = plt.rcParams\n",
    "Params['figure.figsize'] = (14, 7) "
   ]
  },
  {
   "cell_type": "markdown",
   "metadata": {},
   "source": [
    "### Part b"
   ]
  },
  {
   "cell_type": "markdown",
   "metadata": {},
   "source": [
    "#### Geometry"
   ]
  },
  {
   "cell_type": "code",
   "execution_count": 2,
   "metadata": {},
   "outputs": [],
   "source": [
    "#Geometric data for the truss:\n",
    "n=3  #nb of nodes\n",
    "\n",
    "support=[0,2] #number of the nodes where there is a support\n",
    "act_P=[1]\n",
    "rests=[1,1,0,0,1,1] #restraints \n",
    "DOF=2*n #degree of freedom\n",
    "\n",
    "a=3000 #mm\n",
    "b=4000 #mm"
   ]
  },
  {
   "cell_type": "code",
   "execution_count": 3,
   "metadata": {},
   "outputs": [],
   "source": [
    "#Material Stiffness\n",
    "E =np.array([200e3, 200e3])  # N/mm^2\n",
    "sigma_0=np.array([500, 500]) # N/mm^2\n",
    "eps_0=sigma_0/E\n",
    "alpha=0.02"
   ]
  },
  {
   "cell_type": "code",
   "execution_count": 4,
   "metadata": {},
   "outputs": [
    {
     "name": "stdout",
     "output_type": "stream",
     "text": [
      "[[      0.            0.     ]\n",
      " [4700000.      8140638.79557]\n",
      " [      0.            0.     ]]\n"
     ]
    }
   ],
   "source": [
    "#Load definition\n",
    "#load=8675*10**3 #N, value of the applied load\n",
    "load=9.4e6\n",
    "P=np.zeros(DOF).reshape(n,2) \n",
    "theta_P=60 #°, inclination of the load regarding the x-axis\n",
    "\n",
    "    #Application of the load at the corresponding nodes:\n",
    "\n",
    "P[1]=[load*np.cos(np.radians(theta_P)),load*np.sin(np.radians(theta_P))]\n",
    "print(P)"
   ]
  },
  {
   "cell_type": "code",
   "execution_count": 5,
   "metadata": {},
   "outputs": [
    {
     "name": "stdout",
     "output_type": "stream",
     "text": [
      "[[   0.    0.]\n",
      " [3000. 4000.]\n",
      " [6000.    0.]]\n"
     ]
    }
   ],
   "source": [
    "#Generate the nodes of the truss and their location (if 1st node at (0,0))\n",
    "\n",
    "nodes=np.zeros(n*2).reshape(n,2)\n",
    "\n",
    "for i in range(n):\n",
    "    nodes[i,0]=a*i\n",
    "    if i%2==0:\n",
    "        nodes[i,1]=0\n",
    "    else:\n",
    "        nodes[i,1]=b\n",
    "\n",
    "print(nodes)"
   ]
  },
  {
   "cell_type": "code",
   "execution_count": 6,
   "metadata": {},
   "outputs": [
    {
     "name": "stdout",
     "output_type": "stream",
     "text": [
      "[[1 2]\n",
      " [2 3]]\n"
     ]
    }
   ],
   "source": [
    "#Connectivity: connect nodes with bar element\n",
    "\n",
    "connectivity=[]\n",
    "\n",
    "for i in range(n):\n",
    "    if i<(n-2):\n",
    "        connectivity.append([i+1, i+2])\n",
    "#        connectivity.append([i+1, i+3])\n",
    "    if i==n-2:\n",
    "        connectivity.append([i+1, i+2])\n",
    "        \n",
    "Connectivity=np.array(connectivity)\n",
    "\n",
    "nb_members=int(np.size(Connectivity)/2)\n",
    "    \n",
    "print(Connectivity)"
   ]
  },
  {
   "cell_type": "code",
   "execution_count": 7,
   "metadata": {},
   "outputs": [],
   "source": [
    "# Area: area of each bar of the truss\n",
    "\n",
    "#A=10*10**3 #mm²     #members area equal in the entire truss\n",
    "\n",
    "#area=np.zeros(nb_members)\n",
    "\n",
    "#for i in range(np.size(area)):\n",
    "#    area[i]=A\n",
    "    \n",
    "area=np.array([15000, 2000])"
   ]
  },
  {
   "cell_type": "markdown",
   "metadata": {},
   "source": [
    "#### Stiffness"
   ]
  },
  {
   "cell_type": "code",
   "execution_count": 8,
   "metadata": {},
   "outputs": [],
   "source": [
    "def L_T (nodes, Connectivity, nb_members ):\n",
    "\n",
    "   #angles and length\n",
    "    angles=[]\n",
    "    length=[]\n",
    "    \n",
    "    for i in range(nb_members):\n",
    "        \n",
    "        x1=nodes[Connectivity[i,0]-1,0]      #For each node at the extremity of each bar, we get its location in x and y.\n",
    "        y1=nodes[Connectivity[i,0]-1,1]\n",
    "        x2=nodes[Connectivity[i,1]-1,0]\n",
    "        y2=nodes[Connectivity[i,1]-1,1]\n",
    "        dx=x2-x1\n",
    "        dy=y2-y1\n",
    "        length.append(np.sqrt(dx**2+dy**2))\n",
    "        \n",
    "        if np.isclose(y1, y2):\n",
    "            if np.isclose(x1, x2):\n",
    "                angles.append(90)\n",
    "            else:\n",
    "                angles.append(0)\n",
    "        else:\n",
    "            theta=np.arcsin((y2-y1)/np.sqrt(dx**2+dy**2)) #calculate the angle between the x-axis and the bar element\n",
    "            angles.append(math.degrees(theta))\n",
    "       \n",
    "\n",
    "\n",
    "    #Transformation matrix for each bar element of the truss\n",
    "    c=[]\n",
    "    s=[]\n",
    "    for i in range(nb_members):\n",
    "        c.append(np.cos(np.radians(angles[i])))\n",
    "        s.append(np.sin(np.radians(angles[i])))\n",
    "    \n",
    "    T=np.zeros((nb_members,4,4))\n",
    "\n",
    "    for i in range(nb_members):\n",
    "        T[i,0,0]=c[i]\n",
    "        T[i,0,1]=s[i]\n",
    "        T[i,1,0]=-s[i]\n",
    "        T[i,1,1]=c[i]\n",
    "        T[i,2,2]=c[i]\n",
    "        T[i,2,3]=s[i]\n",
    "        T[i,3,2]=-s[i]\n",
    "        T[i,3,3]=c[i]\n",
    "    \n",
    "    return length, T"
   ]
  },
  {
   "cell_type": "code",
   "execution_count": 9,
   "metadata": {},
   "outputs": [],
   "source": [
    "def stiffness (E, area, nodes, nb_members, DOF, Connectivity, T, L):\n",
    "\n",
    "\n",
    "    # Unit stiffness matrix of bar in local coordinate system\n",
    "    K_unit = np.array([[1, 0, -1, 0], \n",
    "                   [0, 0,  0, 0], \n",
    "                   [-1, 0, 1, 0], \n",
    "                   [0, 0, 0, 0]])\n",
    "    \n",
    "    #local stiffness matrix for each bar\n",
    "    k_local=[]\n",
    "    \n",
    "    for i in range(nb_members):\n",
    "        k_local.append(E[i]*area[i]/L[i])\n",
    "        \n",
    "    #Stiffness for each bar in global coordinates system\n",
    "    k_global=[]\n",
    "\n",
    "    for i in range(nb_members):\n",
    "        k=k_local[i]*T[i].T@K_unit@T[i] \n",
    "        k_global.append(k)\n",
    "\n",
    "    #Stiffness in global system\n",
    "    K_globalCS_bar=np.zeros((nb_members, DOF,DOF))\n",
    "    K_global=np.zeros((DOF,DOF))\n",
    "    k_global = np.array(k_global)\n",
    "\n",
    "    for i, ((u, v), k) in enumerate(zip(Connectivity, k_global)):       \n",
    "        #we build all the global stiffness matrix for each bar in the entire system and sum them.\n",
    "        K_global[2*u-2:2*u,2*u-2:2*u] += k[0:2, 0:2]\n",
    "        K_global[2*u-2:2*u,2*v-2:2*v] += k[0:2, 2:4]\n",
    "        K_global[2*v-2:2*v,2*u-2:2*u] += k[2:4, 0:2]\n",
    "        K_global[2*v-2:2*v,2*v-2:2*v] += k[2:4, 2:4]\n",
    "    \n",
    "        #global stiffness matrix for each bar in the entire system \n",
    "        K_globalCS_bar[i, 2*u-2:2*u,2*u-2:2*u] = k[0:2, 0:2]\n",
    "        K_globalCS_bar[i, 2*u-2:2*u,2*v-2:2*v] = k[0:2, 2:4]\n",
    "        K_globalCS_bar[i, 2*v-2:2*v,2*u-2:2*u] = k[2:4, 0:2]\n",
    "        K_globalCS_bar[i, 2*v-2:2*v,2*v-2:2*v] = k[2:4, 2:4]\n",
    "        \n",
    "    return (k_local, K_global, K_globalCS_bar)"
   ]
  },
  {
   "cell_type": "markdown",
   "metadata": {},
   "source": [
    "#### Equilibrium of the entire system : K*U=R"
   ]
  },
  {
   "cell_type": "code",
   "execution_count": 10,
   "metadata": {},
   "outputs": [],
   "source": [
    "#Calculate the displacements of the nodes with a load applied\n",
    "\n",
    "def displacement(support, act_P, P, K_global, DOF):\n",
    "    \n",
    "    F_red=np.zeros(DOF-2*len(support))\n",
    "\n",
    "    for i in range(n):\n",
    "        if i in act_P:\n",
    "            F_red[i*2-2]=P[i,0]\n",
    "            F_red[i*2-1]=P[i,1]  \n",
    "        \n",
    "    a=2*(n-len(support)) \n",
    "    K_red=np.zeros((a,a)) #reduced stiffness matrix for the nodes where there are displacements\n",
    "    K_red=K_global[2:a+2, 2:a+2]\n",
    "\n",
    "    u_red=np.linalg.inv(K_red)@F_red #reduced vector displacements for the nodes concerned by displacements\n",
    "\n",
    "    u_vec=np.zeros(n*2) #global vector for displacements\n",
    "    u_vec[2:n*2-2]=u_red[:]\n",
    "\n",
    "    return(u_vec) \n"
   ]
  },
  {
   "cell_type": "code",
   "execution_count": 11,
   "metadata": {},
   "outputs": [],
   "source": [
    "#Support reactions\n",
    "\n",
    "def support_reactions (K_global, u_vec):\n",
    "    F = K_global @ u_vec #N\n",
    "    return(F)"
   ]
  },
  {
   "cell_type": "code",
   "execution_count": 12,
   "metadata": {},
   "outputs": [
    {
     "name": "stdout",
     "output_type": "stream",
     "text": [
      "[-5402739.54834 -7203652.73112  4700000.       8140638.79557   702739.54834  -936986.06445]\n"
     ]
    }
   ],
   "source": [
    "L, T= L_T (nodes, Connectivity, nb_members )\n",
    "k_local, K_global, K_globalCS_bar=stiffness (E, area, nodes, nb_members, DOF, Connectivity, T, L)\n",
    "u_vec=displacement(support, act_P, P, K_global, DOF)\n",
    "appui=support_reactions(K_global, u_vec)\n",
    "print(appui)"
   ]
  },
  {
   "cell_type": "code",
   "execution_count": 13,
   "metadata": {},
   "outputs": [],
   "source": [
    "#Axial forces in each bar of the truss\n",
    "\n",
    "def axial_load_0(nb_members, K_globalCS_bar,u_vec):\n",
    "\n",
    "    F_bar=[]\n",
    "    F_bar_reduced=np.zeros((nb_members,4))\n",
    "    F_local_CS=[]\n",
    "    axial_load=[]\n",
    "\n",
    "    for i in range(nb_members):\n",
    "        F_bar.append(K_globalCS_bar[i,:,:]@u_vec)   #forces applied at each extermity of each bar in global coordinates in global system\n",
    "    F_bar=np.array(F_bar)\n",
    "\n",
    "    for i in range(nb_members): #forces applied at the extremity of each bar in global coordinates in local system\n",
    "        index_1=Connectivity[i,0] #value of 1st node of the bar\n",
    "        index_2=Connectivity[i,1] #value of 2nd node of the bar\n",
    "        F_bar_reduced[i,0]=F_bar[i,(index_1-1)*2] \n",
    "        F_bar_reduced[i,1]=F_bar[i,(index_1)*2-1]\n",
    "        F_bar_reduced[i,2]=F_bar[i,(index_2-1)*2]\n",
    "        F_bar_reduced[i,3]=F_bar[i,index_2*2-1]     \n",
    "\n",
    "    for i in range(nb_members): #forces applied at the extremity of each bar in local coordinates in local system\n",
    "        F_local_CS.append(T[i]@F_bar_reduced[i])   \n",
    "    F_local_CS=np.array(F_local_CS)\n",
    "\n",
    "    for i in range(nb_members): #axial load in each bar in N\n",
    "        axial_load.append(F_local_CS[i,2])\n",
    "    \n",
    "    axial_load=np.array(axial_load)\n",
    "    return axial_load\n",
    "\n",
    "def axial_load_1(K_globalCS_bar, Connectivity, u_vec, T, nb_members):\n",
    "    axialF = []\n",
    "    for i in range(nb_members):\n",
    "        F_elei = K_globalCS_bar[i,:,:] @ u_vec\n",
    "        index_red = 2*Connectivity[i]\n",
    "        F_elei_red = F_elei[[index_red[0]-2, index_red[0]-1, index_red[1]-2, index_red[1]-1]]\n",
    "        F_elei_local = T[i] @ F_elei_red\n",
    "        Fi = F_elei_local[2]\n",
    "        axialF.append(Fi)\n",
    "    return axialF\n"
   ]
  },
  {
   "cell_type": "code",
   "execution_count": 14,
   "metadata": {},
   "outputs": [
    {
     "name": "stdout",
     "output_type": "stream",
     "text": [
      "[9004565.913900249, 1171232.5805669066]\n"
     ]
    }
   ],
   "source": [
    "L, T= L_T (nodes, Connectivity, nb_members )\n",
    "k_local, K_global, K_globalCS_bar=stiffness (E, area, nodes, nb_members, DOF, Connectivity, T, L)\n",
    "u_vec=displacement(support, act_P, P, K_global, DOF)\n",
    "appui=support_reactions(K_global, u_vec)\n",
    "axial=axial_load_1(K_globalCS_bar, Connectivity, u_vec, T, nb_members)\n",
    "print(axial)"
   ]
  },
  {
   "cell_type": "markdown",
   "metadata": {},
   "source": [
    "#### Newton Raphson Method"
   ]
  },
  {
   "cell_type": "code",
   "execution_count": 25,
   "metadata": {},
   "outputs": [
    {
     "name": "stdout",
     "output_type": "stream",
     "text": [
      "[0. 0. 0. 0. 0. 0.]\n"
     ]
    }
   ],
   "source": [
    "#Initialisation\n",
    "\n",
    "u=np.zeros((DOF)) #initial nodal displacement\n",
    "print(u)\n",
    "L0, T0=L_T (nodes, Connectivity, nb_members )\n",
    "k, K_global, K_globalCS_bar=stiffness(E, area, nodes, nb_members, DOF,Connectivity,T, L) #initial stiffness matrix\n",
    "load_incr=1 #increment for loadstep\n",
    "iter_lim=20\n",
    "tol=np.max(area)*np.max(sigma_0)/1e5 #tolerance"
   ]
  },
  {
   "cell_type": "code",
   "execution_count": 26,
   "metadata": {},
   "outputs": [],
   "source": [
    "#strains\n",
    "\n",
    "def strain(Connectivity, u, L0, T, nb_members):\n",
    "    \n",
    "    \n",
    "    u=u.reshape((n,2))\n",
    "    #displacements in global coordinates\n",
    "    u_red=np.zeros(nb_members*4).reshape((nb_members,4))\n",
    "    for i in range(nb_members):  \n",
    "        u_red[i, 0]=u[Connectivity[i,0]-1,0]      \n",
    "        u_red[i, 1]=u[Connectivity[i,0]-1,1]\n",
    "        u_red[i, 2]=u[Connectivity[i,1]-1,0]\n",
    "        u_red[i, 3]=u[Connectivity[i,1]-1,1]\n",
    "    \n",
    "    #displacements in local coordinates\n",
    "    u_bar=[]\n",
    "    for i in range(nb_members):\n",
    "        u_bar.append(T[i]@u_red[i,:])\n",
    "    \n",
    "    u_bar=np.array(u_bar)\n",
    "    \n",
    "\n",
    "    \n",
    "    #calculate the strain in each bar\n",
    "    strain=[]\n",
    "    for i in range(nb_members):  \n",
    "        strain.append((u_bar[i,2]-u_bar[i,0])/L0[i])\n",
    "        \n",
    "    strain=np.array(strain)\n",
    "    \n",
    "    return strain"
   ]
  },
  {
   "cell_type": "code",
   "execution_count": 27,
   "metadata": {},
   "outputs": [],
   "source": [
    "def strain_1(L,L0):\n",
    "    strain=[]\n",
    "    for i in range(nb_members):\n",
    "         strain.append((L[i]-L0[i])/L0[i])\n",
    "    strain=np.array(strain)\n",
    "    \n",
    "    return strain\n",
    "    "
   ]
  },
  {
   "cell_type": "code",
   "execution_count": 28,
   "metadata": {},
   "outputs": [],
   "source": [
    "#internal force for each displacement\n",
    "\n",
    "def internal_force(Connectivity, area, E, u, L, T, sigma_0, eps_0, nb_members, DOF, rests):\n",
    "    \n",
    "    #internal force in each bar\n",
    "    Pr=[]\n",
    "    Pr_CS=np.zeros(n*4).reshape((n,4))\n",
    "    strains=strain_1(L,L0)\n",
    "    for i in range(nb_members):\n",
    "        a= area[i]*sigma_0[i]/2*((3*strains[i]/eps_0[i])-(strains[i]/eps_0[i])**3)\n",
    "        Pr.append(a)\n",
    "        Pr_CS[i,0]=-a\n",
    "        Pr_CS[i,2]=a\n",
    "\n",
    "    #internal force at each extremity of a bar in local coordinates\n",
    "   # Pr_CS=np.zeros((nb_members,4))\n",
    "   # for i in range(nb_members):\n",
    "   #     Pr_CS[i,0]=-Pr[i]\n",
    "   #     Pr_CS[i,1]=0\n",
    "   #     Pr_CS[i,2]=Pr[i]\n",
    "   #     Pr_CS[i,3]=0\n",
    "   #Pr_CS=np.array(Pr_CS)\n",
    "    #Pr_CS = np.array([np.array([-pr, 0, pr, 0]) for pr in Pr])\n",
    "    \n",
    "    #internal force at each extremity of a bar in global coordinates\n",
    "    Pr_glob=np.zeros((2,4))\n",
    "    for i in range(nb_members):\n",
    "        Pr_glob[i,:]=np.transpose(T[i])@Pr_CS[i]\n",
    "    \n",
    "    #internal force at node 2 for each bar in global coordinates\n",
    "    Pr_glob_bar1_2=np.array([Pr_glob[0,2],Pr_glob[0,3]])\n",
    "    Pr_glob_bar2_2=np.array([Pr_glob[1,0],Pr_glob[1,1]])\n",
    "    #sum of internal force at node 2 in global coordinates\n",
    "    sum_Pr_glob_2=Pr_glob_bar1_2+Pr_glob_bar2_2\n",
    "    print(sum_Pr_glob_2)\n",
    "    return Pr, Pr_glob, sum_Pr_glob_2\n"
   ]
  },
  {
   "cell_type": "code",
   "execution_count": 29,
   "metadata": {},
   "outputs": [
    {
     "name": "stdout",
     "output_type": "stream",
     "text": [
      "################# Nouvelle itération sur i=0 ######################\n",
      "delta_u=[0.      0.      0.03098 1.85278 0.      0.     ]\n",
      "%%%%%%%%%%%%%% Nouvelle itération sur j=0 %%%%%%%%%%%%%%%%%\n",
      "u=[0.      0.      0.03098 1.85278 0.      0.     ]\n",
      "nodes=[[   0.         0.     ]\n",
      " [3000.03645 4002.18046]\n",
      " [6000.         0.     ]]\n",
      "L=[5001.766404038674, 5001.72267335597]\n",
      "--------------------------\n",
      "m=0  eps[m] = 0.00030017754296631063  eps_0[m] = 0.0025  np.abs(eps[m]) >= eps_0[m] = False\n",
      "--------------------------\n",
      "--------------------------\n",
      "m=1  eps[m] = 0.00029274724761144285  eps_0[m] = 0.0025  np.abs(eps[m]) >= eps_0[m] = False\n",
      "--------------------------\n",
      "K_global = array([[ 215776.47968,  287855.3056 , -215776.47968, -287855.3056 ,       0.     ,       0.     ],\n",
      "       [ 287855.3056 ,  384011.6267 , -287855.3056 , -384011.6267 ,       0.     ,       0.     ],\n",
      "       [-215776.47968, -287855.3056 ,  244546.03317,  249474.52427,  -28769.5535 ,   38380.78133],\n",
      "       [-287855.3056 , -384011.6267 ,  249474.52427,  435214.51992,   38380.78133,  -51202.89322],\n",
      "       [      0.     ,       0.     ,  -28769.5535 ,   38380.78133,   28769.5535 ,  -38380.78133],\n",
      "       [      0.     ,       0.     ,   38380.78133,  -51202.89322,  -38380.78133,   51202.89322]])\n",
      "[ 701439.5071  1215556.63414]\n",
      "delta_u=[ 0.       0.      -0.01275 -0.91521  0.       0.     ]\n",
      "%%%%%%%%%%%%%% Nouvelle itération sur j=1 %%%%%%%%%%%%%%%%%\n",
      "u=[0.      0.      0.01822 0.93757 0.      0.     ]\n",
      "nodes=[[   0.         0.     ]\n",
      " [3000.0237  4001.26525]\n",
      " [6000.         0.     ]]\n",
      "L=[5001.026478063715, 5000.998042396547]\n",
      "--------------------------\n",
      "m=0  eps[m] = 0.00015220020369621074  eps_0[m] = 0.0025  np.abs(eps[m]) >= eps_0[m] = False\n",
      "--------------------------\n",
      "--------------------------\n",
      "m=1  eps[m] = 0.00014782855849597835  eps_0[m] = 0.0025  np.abs(eps[m]) >= eps_0[m] = False\n",
      "--------------------------\n",
      "K_global = array([[ 215870.43393,  287916.01418, -215870.43393, -287916.01418,       0.     ,       0.     ],\n",
      "       [ 287916.01418,  384006.41399, -287916.01418, -384006.41399,       0.     ,       0.     ],\n",
      "       [-215870.43393, -287916.01418,  244652.73985,  249527.16402,  -28782.30592,   38388.85015],\n",
      "       [-287916.01418, -384006.41399,  249527.16402,  435208.14257,   38388.85015,  -51201.72859],\n",
      "       [      0.     ,       0.     ,  -28782.30592,   38388.85015,   28782.30592,  -38388.85015],\n",
      "       [      0.     ,       0.     ,   38388.85015,  -51201.72859,  -38388.85015,   51201.72859]])\n",
      "[357206.62141 618187.81572]\n",
      "delta_u=[0.      0.      0.0048  0.44732 0.      0.     ]\n",
      "%%%%%%%%%%%%%% Nouvelle itération sur j=2 %%%%%%%%%%%%%%%%%\n",
      "u=[0.      0.      0.02302 1.38489 0.      0.     ]\n",
      "nodes=[[   0.         0.     ]\n",
      " [3000.0285  4001.71258]\n",
      " [6000.         0.     ]]\n",
      "L=[5001.387262049988, 5001.353070402835]\n",
      "--------------------------\n",
      "m=0  eps[m] = 0.00022435317054241274  eps_0[m] = 0.0025  np.abs(eps[m]) >= eps_0[m] = False\n",
      "--------------------------\n",
      "--------------------------\n",
      "m=1  eps[m] = 0.00021883048382295364  eps_0[m] = 0.0025  np.abs(eps[m]) >= eps_0[m] = False\n",
      "--------------------------\n",
      "K_global = array([[ 215824.41129,  287886.35193, -215824.41129, -287886.35193,       0.     ,       0.     ],\n",
      "       [ 287886.35193,  384009.16344, -287886.35193, -384009.16344,       0.     ,       0.     ],\n",
      "       [-215824.41129, -287886.35193,  244600.49611,  249501.44709,  -28776.08482,   38384.90484],\n",
      "       [-287886.35193, -384009.16344,  249501.44709,  435211.43535,   38384.90484,  -51202.27191],\n",
      "       [      0.     ,       0.     ,  -28776.08482,   38384.90484,   28776.08482,  -38384.90484],\n",
      "       [      0.     ,       0.     ,   38384.90484,  -51202.27191,  -38384.90484,   51202.27191]])\n",
      "[525409.81278 910411.43777]\n",
      "delta_u=[ 0.       0.      -0.00172 -0.22039  0.       0.     ]\n",
      "%%%%%%%%%%%%%% Nouvelle itération sur j=3 %%%%%%%%%%%%%%%%%\n",
      "u=[0.     0.     0.0213 1.1645 0.     0.    ]\n",
      "nodes=[[   0.         0.     ]\n",
      " [3000.02678 4001.49218]\n",
      " [6000.         0.     ]]\n",
      "L=[5001.209889166921, 5001.1777625786]\n",
      "--------------------------\n",
      "m=0  eps[m] = 0.0001888804770796243  eps_0[m] = 0.0025  np.abs(eps[m]) >= eps_0[m] = False\n",
      "--------------------------\n",
      "--------------------------\n",
      "m=1  eps[m] = 0.00018377073409859903  eps_0[m] = 0.0025  np.abs(eps[m]) >= eps_0[m] = False\n",
      "--------------------------\n",
      "K_global = array([[ 215847.12755,  287900.96128, -215847.12755, -287900.96128,       0.     ,       0.     ],\n",
      "       [ 287900.96128,  384007.72087, -287900.96128, -384007.72087,       0.     ,       0.     ],\n",
      "       [-215847.12755, -287900.96128,  244626.27161,  249514.11197,  -28779.14406,   38386.84931],\n",
      "       [-287900.96128, -384007.72087,  249514.11197,  435209.73705,   38386.84931,  -51202.01617],\n",
      "       [      0.     ,       0.     ,  -28779.14406,   38386.84931,   28779.14406,  -38386.84931],\n",
      "       [      0.     ,       0.     ,   38386.84931,  -51202.01617,  -38386.84931,   51202.01617]])\n",
      "[442866.18924 766828.03848]\n",
      "delta_u=[0.      0.      0.00052 0.10824 0.      0.     ]\n",
      "%%%%%%%%%%%%%% Nouvelle itération sur j=4 %%%%%%%%%%%%%%%%%\n",
      "u=[0.      0.      0.02182 1.27274 0.      0.     ]\n",
      "nodes=[[   0.         0.     ]\n",
      " [3000.0273  4001.60042]\n",
      " [6000.         0.     ]]\n",
      "L=[5001.296802691728, 5001.26405546939]\n",
      "--------------------------\n",
      "m=0  eps[m] = 0.00020626225928857753  eps_0[m] = 0.0025  np.abs(eps[m]) >= eps_0[m] = False\n",
      "--------------------------\n",
      "--------------------------\n",
      "m=1  eps[m] = 0.00020102841878713102  eps_0[m] = 0.0025  np.abs(eps[m]) >= eps_0[m] = False\n",
      "--------------------------\n",
      "K_global = array([[ 215835.94915,  287893.78885, -215835.94915, -287893.78885,       0.     ,       0.     ],\n",
      "       [ 287893.78885,  384008.47488, -287893.78885, -384008.47488,       0.     ,       0.     ],\n",
      "       [-215835.94915, -287893.78885,  244613.59362,  249507.89484,  -28777.64447,   38385.89401],\n",
      "       [-287893.78885, -384008.47488,  249507.89484,  435210.61063,   38385.89401,  -51202.13575],\n",
      "       [      0.     ,       0.     ,  -28777.64447,   38385.89401,   28777.64447,  -38385.89401],\n",
      "       [      0.     ,       0.     ,   38385.89401,  -51202.13575,  -38385.89401,   51202.13575]])\n",
      "[483310.10388 837263.37534]\n",
      "delta_u=[ 0.       0.      -0.0001  -0.05325  0.       0.     ]\n",
      "%%%%%%%%%%%%%% Nouvelle itération sur j=5 %%%%%%%%%%%%%%%%%\n",
      "u=[0.      0.      0.02172 1.21949 0.      0.     ]\n",
      "nodes=[[   0.         0.     ]\n",
      " [3000.0272  4001.54717]\n",
      " [6000.         0.     ]]\n",
      "L=[5001.254138158908, 5001.221505760594]\n",
      "--------------------------\n",
      "m=0  eps[m] = 0.0001977298056897903  eps_0[m] = 0.0025  np.abs(eps[m]) >= eps_0[m] = False\n",
      "--------------------------\n",
      "--------------------------\n",
      "m=1  eps[m] = 0.00019251891758404534  eps_0[m] = 0.0025  np.abs(eps[m]) >= eps_0[m] = False\n",
      "--------------------------\n",
      "K_global = array([[ 215841.45913,  287897.31632, -215841.45913, -287897.31632,       0.     ,       0.     ],\n",
      "       [ 287897.31632,  384008.08203, -287897.31632, -384008.08203,       0.     ,       0.     ],\n",
      "       [-215841.45913, -287897.31632,  244619.83995,  249510.95216,  -28778.38083,   38386.36416],\n",
      "       [-287897.31632, -384008.08203,  249510.95216,  435210.16189,   38386.36416,  -51202.07985],\n",
      "       [      0.     ,       0.     ,  -28778.38083,   38386.36416,   28778.38083,  -38386.36416],\n",
      "       [      0.     ,       0.     ,   38386.36416,  -51202.07985,  -38386.36416,   51202.07985]])\n",
      "[463476.20426 802679.12336]\n",
      "delta_u=[ 0.       0.      -0.00003  0.02618  0.       0.     ]\n",
      "%%%%%%%%%%%%%% Nouvelle itération sur j=6 %%%%%%%%%%%%%%%%%\n",
      "u=[0.      0.      0.02169 1.24567 0.      0.     ]\n",
      "nodes=[[   0.         0.     ]\n",
      " [3000.02717 4001.57335]\n",
      " [6000.         0.     ]]\n",
      "L=[5001.275063932929, 5001.242469643388]\n",
      "--------------------------\n",
      "m=0  eps[m] = 0.00020191473832703892  eps_0[m] = 0.0025  np.abs(eps[m]) >= eps_0[m] = False\n",
      "--------------------------\n",
      "--------------------------\n",
      "m=1  eps[m] = 0.00019671147708465455  eps_0[m] = 0.0025  np.abs(eps[m]) >= eps_0[m] = False\n",
      "--------------------------\n",
      "K_global = array([[ 215838.74528,  287895.58288, -215838.74528, -287895.58288,       0.     ,       0.     ],\n",
      "       [ 287895.58288,  384008.28605, -287895.58288, -384008.28605,       0.     ,       0.     ],\n",
      "       [-215838.74528, -287895.58288,  244616.76483,  249509.44992,  -28778.01954,   38386.13296],\n",
      "       [-287895.58288, -384008.28605,  249509.44992,  435210.39193,   38386.13296,  -51202.10588],\n",
      "       [      0.     ,       0.     ,  -28778.01954,   38386.13296,   28778.01954,  -38386.13296],\n",
      "       [      0.     ,       0.     ,   38386.13296,  -51202.10588,  -38386.13296,   51202.10588]])\n",
      "[473198.83856 819653.11205]\n",
      "delta_u=[ 0.       0.       0.00005 -0.01287  0.       0.     ]\n",
      "%%%%%%%%%%%%%% Nouvelle itération sur j=7 %%%%%%%%%%%%%%%%%\n",
      "u=[0.      0.      0.02174 1.23279 0.      0.     ]\n",
      "nodes=[[   0.         0.     ]\n",
      " [3000.02722 4001.56047]\n",
      " [6000.         0.     ]]\n",
      "L=[5001.2647960974355, 5001.23213664533]\n",
      "--------------------------\n",
      "m=0  eps[m] = 0.00019986128024097958  eps_0[m] = 0.0025  np.abs(eps[m]) >= eps_0[m] = False\n",
      "--------------------------\n",
      "--------------------------\n",
      "m=1  eps[m] = 0.00019464498445998286  eps_0[m] = 0.0025  np.abs(eps[m]) >= eps_0[m] = False\n",
      "--------------------------\n",
      "K_global = array([[ 215840.08248,  287896.43507, -215840.08248, -287896.43507,       0.     ,       0.     ],\n",
      "       [ 287896.43507,  384008.18037, -287896.43507, -384008.18037,       0.     ,       0.     ],\n",
      "       [-215840.08248, -287896.43507,  244618.27935,  249510.18837,  -28778.19687,   38386.2467 ],\n",
      "       [-287896.43507, -384008.18037,  249510.18837,  435210.27417,   38386.2467 ,  -51202.0938 ],\n",
      "       [      0.     ,       0.     ,  -28778.19687,   38386.2467 ,   28778.19687,  -38386.2467 ],\n",
      "       [      0.     ,       0.     ,   38386.2467 ,  -51202.0938 ,  -38386.2467 ,   51202.0938 ]])\n",
      "[468431.81718 811320.45486]\n",
      "delta_u=[ 0.       0.      -0.00005  0.00633  0.       0.     ]\n",
      "%%%%%%%%%%%%%% Nouvelle itération sur j=8 %%%%%%%%%%%%%%%%%\n",
      "u=[0.      0.      0.0217  1.23912 0.      0.     ]\n",
      "nodes=[[   0.         0.     ]\n",
      " [3000.02718 4001.5668 ]\n",
      " [6000.         0.     ]]\n",
      "L=[5001.269833271748, 5001.2372287595035]\n",
      "--------------------------\n",
      "m=0  eps[m] = 0.00020086866162434192  eps_0[m] = 0.0025  np.abs(eps[m]) >= eps_0[m] = False\n",
      "--------------------------\n",
      "--------------------------\n",
      "m=1  eps[m] = 0.00019566335457140295  eps_0[m] = 0.0025  np.abs(eps[m]) >= eps_0[m] = False\n",
      "--------------------------\n",
      "K_global = array([[ 215839.42372,  287896.0162 , -215839.42372, -287896.0162 ,       0.     ,       0.     ],\n",
      "       [ 287896.0162 ,  384008.23497, -287896.0162 , -384008.23497,       0.     ,       0.     ],\n",
      "       [-215839.42372, -287896.0162 ,  244617.53357,  249509.82544,  -28778.10985,   38386.19076],\n",
      "       [-287896.0162 , -384008.23497,  249509.82544,  435210.33436,   38386.19076,  -51202.09939],\n",
      "       [      0.     ,       0.     ,  -28778.10985,   38386.19076,   28778.10985,  -38386.19076],\n",
      "       [      0.     ,       0.     ,   38386.19076,  -51202.09939,  -38386.19076,   51202.09939]])\n",
      "[470768.84796 815410.60337]\n",
      "delta_u=[ 0.       0.       0.00003 -0.00311  0.       0.     ]\n",
      "%%%%%%%%%%%%%% Nouvelle itération sur j=9 %%%%%%%%%%%%%%%%%\n",
      "u=[0.      0.      0.02173 1.23601 0.      0.     ]\n",
      "nodes=[[   0.         0.     ]\n",
      " [3000.02721 4001.56369]\n",
      " [6000.         0.     ]]\n",
      "L=[5001.267361897577, 5001.23471909568]\n",
      "--------------------------\n",
      "m=0  eps[m] = 0.000200374413028407  eps_0[m] = 0.0025  np.abs(eps[m]) >= eps_0[m] = False\n",
      "--------------------------\n",
      "--------------------------\n",
      "m=1  eps[m] = 0.00019516144779150893  eps_0[m] = 0.0025  np.abs(eps[m]) >= eps_0[m] = False\n",
      "--------------------------\n",
      "K_global = array([[ 215839.74828,  287896.2221 , -215839.74828, -287896.2221 ,       0.     ,       0.     ],\n",
      "       [ 287896.2221 ,  384008.20683, -287896.2221 , -384008.20683,       0.     ,       0.     ],\n",
      "       [-215839.74828, -287896.2221 ,  244617.90085,  249510.00383,  -28778.15256,   38386.21828],\n",
      "       [-287896.2221 , -384008.20683,  249510.00383,  435210.30364,   38386.21828,  -51202.09681],\n",
      "       [      0.     ,       0.     ,  -28778.15256,   38386.21828,   28778.15256,  -38386.21828],\n",
      "       [      0.     ,       0.     ,   38386.21828,  -51202.09681,  -38386.21828,   51202.09681]])\n",
      "[469623.06962 813402.81546]\n",
      "delta_u=[ 0.       0.      -0.00002  0.00153  0.       0.     ]\n",
      "%%%%%%%%%%%%%% Nouvelle itération sur j=10 %%%%%%%%%%%%%%%%%\n",
      "u=[0.      0.      0.02171 1.23754 0.      0.     ]\n",
      "nodes=[[   0.         0.     ]\n",
      " [3000.02719 4001.56522]\n",
      " [6000.         0.     ]]\n",
      "L=[5001.268574359602, 5001.235955940165]\n",
      "--------------------------\n",
      "m=0  eps[m] = 0.0002006168925608664  eps_0[m] = 0.0025  np.abs(eps[m]) >= eps_0[m] = False\n",
      "--------------------------\n",
      "--------------------------\n",
      "m=1  eps[m] = 0.0001954088038823218  eps_0[m] = 0.0025  np.abs(eps[m]) >= eps_0[m] = False\n",
      "--------------------------\n",
      "K_global = array([[ 215839.58838,  287896.12089, -215839.58838, -287896.12089,       0.     ,       0.     ],\n",
      "       [ 287896.12089,  384008.22131, -287896.12089, -384008.22131,       0.     ,       0.     ],\n",
      "       [-215839.58838, -287896.12089,  244617.71998,  249509.91615,  -28778.1316 ,   38386.20474],\n",
      "       [-287896.12089, -384008.22131,  249509.91615,  435210.3193 ,   38386.20474,  -51202.09799],\n",
      "       [      0.     ,       0.     ,  -28778.1316 ,   38386.20474,   28778.1316 ,  -38386.20474],\n",
      "       [      0.     ,       0.     ,   38386.20474,  -51202.09799,  -38386.20474,   51202.09799]])\n",
      "[470184.79461 814388.38356]\n",
      "delta_u=[ 0.       0.       0.00001 -0.00075  0.       0.     ]\n",
      "%%%%%%%%%%%%%% Nouvelle itération sur j=11 %%%%%%%%%%%%%%%%%\n",
      "u=[0.      0.      0.02172 1.23679 0.      0.     ]\n",
      "nodes=[[   0.         0.     ]\n",
      " [3000.0272  4001.56447]\n",
      " [6000.         0.     ]]\n",
      "L=[5001.267979508992, 5001.235346363961]\n",
      "--------------------------\n",
      "m=0  eps[m] = 0.0002004979287542434  eps_0[m] = 0.0025  np.abs(eps[m]) >= eps_0[m] = False\n",
      "--------------------------\n",
      "--------------------------\n",
      "m=1  eps[m] = 0.0001952868949530805  eps_0[m] = 0.0025  np.abs(eps[m]) >= eps_0[m] = False\n",
      "--------------------------\n",
      "K_global = array([[ 215839.66716,  287896.17064, -215839.66716, -287896.17064,       0.     ,       0.     ],\n",
      "       [ 287896.17064,  384008.21387, -287896.17064, -384008.21387,       0.     ,       0.     ],\n",
      "       [-215839.66716, -287896.17064,  244617.80905,  249509.95924,  -28778.14189,   38386.2114 ],\n",
      "       [-287896.17064, -384008.21387,  249509.95924,  435210.31132,   38386.2114 ,  -51202.09745],\n",
      "       [      0.     ,       0.     ,  -28778.14189,   38386.2114 ,   28778.14189,  -38386.2114 ],\n",
      "       [      0.     ,       0.     ,   38386.2114 ,  -51202.09745,  -38386.2114 ,   51202.09745]])\n",
      "[469909.40382 813904.58816]\n",
      "delta_u=[ 0.       0.      -0.00001  0.00037  0.       0.     ]\n",
      "%%%%%%%%%%%%%% Nouvelle itération sur j=12 %%%%%%%%%%%%%%%%%\n",
      "u=[0.      0.      0.02171 1.23716 0.      0.     ]\n",
      "nodes=[[   0.         0.     ]\n",
      " [3000.02719 4001.56484]\n",
      " [6000.         0.     ]]\n",
      "L=[5001.268271347154, 5001.235646790892]\n",
      "--------------------------\n",
      "m=0  eps[m] = 0.00020055629328830844  eps_0[m] = 0.0025  np.abs(eps[m]) >= eps_0[m] = False\n",
      "--------------------------\n",
      "--------------------------\n",
      "m=1  eps[m] = 0.00019534697722869732  eps_0[m] = 0.0025  np.abs(eps[m]) >= eps_0[m] = False\n",
      "--------------------------\n",
      "K_global = array([[ 215839.62835,  287896.14618, -215839.62835, -287896.14618,       0.     ,       0.     ],\n",
      "       [ 287896.14618,  384008.21768, -287896.14618, -384008.21768,       0.     ,       0.     ],\n",
      "       [-215839.62835, -287896.14618,  244617.76519,  249509.93806,  -28778.13684,   38386.20812],\n",
      "       [-287896.14618, -384008.21768,  249509.93806,  435210.31538,   38386.20812,  -51202.0977 ],\n",
      "       [      0.     ,       0.     ,  -28778.13684,   38386.20812,   28778.13684,  -38386.20812],\n",
      "       [      0.     ,       0.     ,   38386.20812,  -51202.0977 ,  -38386.20812,   51202.0977 ]])\n",
      "[470044.41506 814142.07259]\n",
      "delta_u=[ 0.       0.       0.      -0.00018  0.       0.     ]\n",
      "%%%%%%%%%%%%%% Nouvelle itération sur j=13 %%%%%%%%%%%%%%%%%\n",
      "u=[0.      0.      0.02172 1.23698 0.      0.     ]\n",
      "nodes=[[   0.         0.     ]\n",
      " [3000.0272  4001.56466]\n",
      " [6000.         0.     ]]\n",
      "L=[5001.268128168471, 5001.235498724925]\n",
      "--------------------------\n",
      "m=0  eps[m] = 0.00020052765907178764  eps_0[m] = 0.0025  np.abs(eps[m]) >= eps_0[m] = False\n",
      "--------------------------\n",
      "--------------------------\n",
      "m=1  eps[m] = 0.00019531736556824996  eps_0[m] = 0.0025  np.abs(eps[m]) >= eps_0[m] = False\n",
      "--------------------------\n",
      "K_global = array([[ 215839.64747,  287896.15821, -215839.64747, -287896.15821,       0.     ,       0.     ],\n",
      "       [ 287896.15821,  384008.21573, -287896.15821, -384008.21573,       0.     ,       0.     ],\n",
      "       [-215839.64747, -287896.15821,  244617.78679,  249509.94847,  -28778.13932,   38386.20973],\n",
      "       [-287896.15821, -384008.21573,  249509.94847,  435210.31332,   38386.20973,  -51202.09759],\n",
      "       [      0.     ,       0.     ,  -28778.13932,   38386.20973,   28778.13932,  -38386.20973],\n",
      "       [      0.     ,       0.     ,   38386.20973,  -51202.09759,  -38386.20973,   51202.09759]])\n",
      "[469978.22557 814025.49615]\n",
      "[200000. 200000.]\n",
      "0.02\n"
     ]
    }
   ],
   "source": [
    "#Generalisation\n",
    "\n",
    "steps = 1;\n",
    "lams =  np.linspace(1,load_incr)/load_incr\n",
    "P_applied=np.zeros((load_incr, DOF))\n",
    "R=P_applied #initialization of R \n",
    "delta_u=np.zeros((1,DOF)) #initialization of delta_u (no force, no displacement)\n",
    "\n",
    "#lists to generate later the graphs !\n",
    "u1=[]\n",
    "u2=[]\n",
    "p1=[]\n",
    "p2=[]\n",
    "norm_r_print=[]\n",
    "iteration=[]\n",
    "\n",
    "iteration_counter = 0\n",
    "\n",
    "#loops:\n",
    "for i in range (load_incr):\n",
    "    print(f\"################# Nouvelle itération sur {i=} ######################\")\n",
    "    #load P is applied by increment\n",
    "    P_applied[i,:]=P.reshape((1,6))*lams[i]\n",
    "    #first increment of displacement is calculated with the function displacement (get the displacement of each node for a load applied)\n",
    "    delta_u=displacement(support, act_P, P_applied[i,:].reshape(3,2), K_global, DOF)\n",
    "    print(f'delta_u={delta_u}')\n",
    "    p1.append(P_applied[i,2])\n",
    "    p2.append(P_applied[i,3])\n",
    "    \n",
    "    for j in range(iter_lim):\n",
    "        print(f\"%%%%%%%%%%%%%% Nouvelle itération sur {j=} %%%%%%%%%%%%%%%%%\")\n",
    "        iteration_counter += 1\n",
    "        \n",
    "        #displacement\n",
    "        u=u+delta_u\n",
    "        print(f'u={u}')\n",
    "        nodes=nodes+np.array(delta_u).reshape(3,2) #new global displacements \n",
    "        print(f'nodes={nodes}')\n",
    "        \n",
    "        #new length with displacement\n",
    "        L,T=L_T (nodes, Connectivity, nb_members )\n",
    "        print(f'L={L}')\n",
    "        \n",
    "        #has the bar yielded ?\n",
    "        for m in range(nb_members):\n",
    "            eps=strain_1(L,L0) #returns an array with the strain of each bar\n",
    "            #eps=strain(Connectivity, u, L0, T, nb_members)\n",
    "            print('--------------------------')\n",
    "            print(f'm={m}  {eps[m] = }  {eps_0[m] = }  {np.abs(eps[m]) >= eps_0[m] = }')\n",
    "            print('--------------------------')\n",
    "            if np.abs(eps[m]) >= eps_0[m]: #the bar has yielded, the Young's modulus of the bar needs to be updated!\n",
    "                E[m]=alpha*E[m]   \n",
    "                k, K_global, K_globalCS_bar=stiffness(E, area, nodes, nb_members, DOF,Connectivity, T, L) #new E, new length, new nodes, new T\n",
    "            else:\n",
    "                E[m]=E[m]  #the bar has not reached its yield limit !\n",
    "                k, K_global, K_globalCS_bar=stiffness(E, area, nodes, nb_members, DOF,Connectivity, T, L)\n",
    "        print(f\"{K_global = }\")\n",
    "        #internal force Pr at node 2\n",
